24 2 6 2
10 1
5 3
10 2
4 9
4 3
7 8
7 10
6 3
6 4
8 7
7 3
1 4
2 2
9 10
4 8
9 1
9 1
10 8
5 6
10 9
1 5
5 2
1 4
10 10
98
1 6
1 8
1 9
1 11
1 12
1 14
1 20
2 4
2 5
2 6
2 7
2 14
2 19
2 24
3 6
3 7
3 8
3 9
3 12
3 15
3 17
3 20
3 23
4 13
4 15
4 16
4 22
4 24
5 6
5 10
5 14
5 16
5 19
5 20
5 21
5 22
6 10
6 13
6 15
6 20
6 24
7 8
7 9
7 10
7 11
7 14
7 16
7 20
7 24
8 9
8 13
8 19
9 10
9 12
9 14
9 16
9 18
9 22
10 12
10 13
10 16
10 19
11 12
11 17
11 19
11 20
11 21
11 22
11 23
12 15
12 20
13 14
13 17
13 21
13 22
14 18
14 21
15 17
15 18
15 19
15 20
15 22
15 23
16 19
16 24
17 18
17 22
17 24
18 19
18 21
18 22
18 24
19 22
19 24
20 22
20 23
21 23
21 24
