31 15 6 8
9 4
3 4
7 4
5 9
2 3
5 9
7 4
3 4
10 3
4 9
5 10
4 7
6 1
2 6
7 5
2 1
2 5
10 5
2 7
6 9
8 3
1 9
7 2
6 9
3 2
2 1
2 3
6 3
2 9
9 5
6 8
201
1 8
1 14
1 15
1 21
1 22
1 24
1 27
1 28
1 29
1 30
2 4
2 5
2 15
2 16
2 18
2 23
2 26
2 27
2 28
2 29
2 30
3 8
3 12
3 16
3 18
3 20
3 25
3 26
4 5
4 8
4 15
4 18
4 23
4 25
4 27
4 28
4 30
4 31
5 7
5 8
5 10
5 15
5 17
5 18
5 19
5 24
5 26
6 8
6 9
6 11
6 13
6 14
6 15
6 17
6 20
6 22
6 23
6 25
6 26
6 27
6 28
6 29
7 8
7 10
7 13
7 14
7 15
7 19
7 20
7 21
7 24
8 9
8 11
8 12
8 13
8 16
8 20
8 22
8 23
8 29
8 30
8 31
9 10
9 11
9 12
9 16
9 18
9 20
9 23
9 24
9 25
9 28
9 30
10 11
10 12
10 21
10 22
10 23
10 24
10 25
10 26
10 28
10 29
10 30
10 31
11 13
11 16
11 18
11 20
11 22
11 26
11 28
11 31
12 15
12 18
12 19
12 22
12 24
12 27
12 28
12 29
12 30
12 31
13 24
13 25
13 26
13 29
13 30
14 17
14 18
14 24
14 28
14 29
14 31
15 16
15 18
15 21
15 23
15 24
15 27
15 29
15 31
16 17
16 18
16 20
16 21
16 23
16 26
16 27
17 20
17 23
17 25
17 29
18 19
18 20
18 21
18 24
18 25
18 30
18 31
19 23
19 28
19 29
19 30
19 31
20 22
20 23
20 24
20 27
20 31
21 22
21 25
21 26
21 27
21 28
21 30
21 31
22 23
22 24
22 26
22 28
22 30
23 26
23 28
23 29
23 30
23 31
24 25
24 26
24 27
24 28
24 29
24 30
25 28
25 31
26 28
27 28
27 29
28 30
29 30
29 31
