28 10 9 1
7 10
8 5
5 10
1 3
7 10
4 1
8 5
5 7
10 6
10 5
9 1
2 3
10 8
1 5
9 4
9 5
1 10
7 2
7 3
7 8
2 2
7 1
7 9
5 6
8 9
4 5
8 2
3 5
91
1 6
1 11
1 14
1 15
1 17
1 18
1 21
1 23
2 4
2 7
2 8
2 9
2 22
2 24
3 13
4 5
4 6
4 14
4 19
4 20
4 23
4 25
4 26
4 27
5 6
5 8
5 17
5 18
5 21
5 23
5 24
5 25
5 26
6 8
6 11
6 14
6 16
6 22
7 8
7 10
7 11
7 12
7 14
7 28
8 18
9 12
9 14
9 20
9 22
9 23
10 15
10 18
10 19
10 22
10 23
10 24
10 27
11 23
11 27
11 28
12 19
12 24
12 27
13 14
13 19
13 22
13 26
14 15
14 16
14 27
15 26
15 28
16 17
16 25
16 26
17 18
18 20
18 27
18 28
19 21
19 22
19 24
19 25
20 25
20 28
21 22
22 23
22 25
23 28
24 26
25 27
