29 15 6 6
5 7
6 3
1 2
1 1
6 8
9 5
5 4
8 2
3 1
2 9
1 6
6 1
7 1
3 4
4 5
4 7
10 6
3 6
5 10
7 1
8 3
1 10
10 9
2 6
5 1
10 3
3 3
7 10
2 3
174
1 2
1 3
1 6
1 7
1 8
1 10
1 12
1 15
1 16
1 18
1 19
1 21
1 24
1 25
1 29
2 6
2 7
2 8
2 9
2 13
2 15
2 19
2 21
2 23
2 25
2 26
2 27
2 29
3 4
3 9
3 10
3 12
3 13
3 14
3 15
3 17
3 18
3 19
3 21
3 22
3 26
3 29
4 9
4 10
4 14
4 15
4 16
4 17
4 19
4 25
4 26
4 27
4 29
5 10
5 11
5 12
5 14
5 16
5 17
5 22
5 24
5 25
5 26
5 28
6 7
6 11
6 12
6 15
6 17
6 20
6 21
6 22
6 25
6 26
6 27
6 29
7 9
7 13
7 14
7 18
7 20
7 21
7 22
7 24
7 26
7 28
7 29
8 9
8 10
8 15
8 16
8 17
8 22
8 27
8 28
8 29
9 13
9 20
9 23
9 27
9 28
10 12
10 13
10 15
10 16
10 24
10 25
11 12
11 15
11 16
11 18
11 19
11 21
11 26
11 28
11 29
12 17
12 18
12 21
12 25
12 27
13 16
13 21
13 26
13 27
13 28
14 16
14 18
14 19
14 21
14 23
14 25
14 26
15 19
15 22
15 26
15 27
15 29
16 17
16 20
16 21
16 23
16 24
16 25
16 26
17 18
17 23
17 24
17 26
18 23
18 29
19 20
19 25
19 26
19 28
19 29
20 21
20 22
20 23
20 25
21 27
21 28
21 29
22 29
23 24
23 28
23 29
24 27
24 29
25 27
25 28
25 29
26 27
26 29
