22 14 4 8
2 9
3 8
8 6
9 4
10 3
10 6
4 6
10 10
2 5
7 7
9 4
2 6
5 1
3 4
1 10
1 7
3 4
3 5
10 3
10 8
7 7
5 4
152
1 2
1 3
1 4
1 6
1 7
1 8
1 9
1 10
1 11
1 13
1 14
1 16
1 17
1 20
1 21
1 22
2 3
2 4
2 5
2 7
2 8
2 10
2 11
2 13
2 14
2 17
2 19
2 21
3 4
3 5
3 6
3 7
3 8
3 13
3 14
3 15
3 16
3 17
3 19
3 20
3 21
3 22
4 5
4 6
4 7
4 9
4 10
4 11
4 12
4 13
4 14
4 16
4 19
4 20
4 21
5 7
5 8
5 9
5 10
5 11
5 12
5 13
5 14
5 15
5 18
5 19
5 21
5 22
6 7
6 9
6 11
6 13
6 15
6 20
6 21
6 22
7 10
7 11
7 12
7 13
7 17
7 20
7 21
7 22
8 9
8 10
8 12
8 14
8 15
8 16
8 18
8 19
8 22
9 11
9 12
9 14
9 16
9 17
9 18
9 19
9 20
10 11
10 12
10 13
10 15
10 16
10 17
10 19
10 21
11 12
11 13
11 15
11 16
11 17
11 19
11 20
11 21
12 15
12 16
12 17
12 18
12 19
12 20
12 22
13 15
13 16
13 18
13 19
13 21
14 15
14 18
14 19
14 21
15 16
15 18
15 19
15 21
15 22
16 18
16 19
16 21
16 22
17 18
17 19
17 22
18 19
18 20
18 21
18 22
19 22
20 22
21 22
