47 7 1 3
3 2
4 3
3 7
4 9
7 1
9 10
10 2
8 3
5 6
1 4
3 4
6 8
4 5
7 7
5 1
7 3
8 10
1 4
7 4
4 3
7 2
4 1
10 8
1 3
8 4
10 4
3 7
7 8
6 3
2 1
2 2
5 10
9 8
10 10
4 2
5 8
8 8
2 8
6 6
5 10
6 8
7 3
5 9
6 3
1 5
8 3
5 8
271
1 6
1 7
1 8
1 13
1 20
1 23
1 36
1 37
1 40
1 46
2 5
2 9
2 10
2 11
2 18
2 20
2 22
2 23
2 24
2 25
2 32
2 41
2 45
3 6
3 10
3 14
3 21
3 28
3 30
3 35
3 40
3 46
4 7
4 10
4 12
4 14
4 15
4 19
4 21
4 22
4 26
4 32
4 35
4 40
4 41
4 46
5 6
5 7
5 8
5 9
5 12
5 16
5 26
5 31
5 32
5 46
6 10
6 11
6 14
6 17
6 23
6 33
6 34
6 35
6 43
6 46
6 47
7 9
7 12
7 18
7 22
7 23
7 24
7 29
7 36
8 9
8 12
8 14
8 16
8 18
8 21
8 24
8 31
8 33
8 34
8 36
8 40
8 42
8 46
8 47
9 17
9 23
9 24
9 25
9 26
9 29
9 33
9 35
9 37
9 43
9 47
10 13
10 15
10 20
10 23
10 42
10 43
11 12
11 15
11 17
11 18
11 20
11 21
11 27
11 30
11 46
11 47
12 13
12 32
12 36
12 47
13 15
13 17
13 18
13 19
13 22
13 23
13 24
13 25
13 32
13 34
13 40
13 45
13 47
14 16
14 18
14 22
14 26
14 31
14 33
14 37
14 38
14 39
14 41
14 43
15 22
15 25
15 31
15 33
15 34
15 45
15 47
16 20
16 21
16 28
16 33
16 38
16 43
16 45
16 47
17 21
17 26
17 27
17 33
17 35
17 38
17 41
17 45
18 20
18 23
18 27
18 38
18 43
18 45
18 47
19 21
19 22
19 23
19 31
19 35
19 36
19 39
19 45
20 21
20 27
20 30
20 33
20 36
20 39
20 41
20 42
21 27
21 28
21 30
21 34
21 45
22 23
22 26
22 29
22 31
22 32
22 36
22 39
22 40
22 44
23 24
23 32
23 40
23 44
24 25
24 27
24 31
24 36
24 38
25 27
25 28
25 32
25 33
25 38
25 46
26 32
26 33
26 37
26 44
26 47
27 30
27 32
27 45
27 46
27 47
28 30
28 34
28 41
28 45
28 47
29 38
29 46
30 32
30 37
30 40
30 42
31 34
31 35
31 43
31 45
32 36
32 37
32 44
32 47
34 46
35 40
36 43
36 45
36 46
37 45
37 47
38 39
38 40
38 41
39 42
39 44
39 45
40 41
40 42
40 45
40 47
41 45
41 47
42 45
44 46
46 47
