48 6 2 1
10 9
7 7
9 6
9 8
9 5
2 3
2 2
4 7
2 10
9 5
3 5
9 4
8 5
9 5
6 5
8 3
9 2
6 1
6 9
9 7
8 10
3 5
4 4
1 6
5 5
2 8
2 7
3 1
8 10
9 5
8 2
9 8
1 8
3 6
6 9
1 6
5 7
6 7
5 9
3 4
5 3
8 3
5 10
10 2
8 8
2 5
2 10
7 6
500
1 3
1 4
1 8
1 9
1 10
1 15
1 16
1 18
1 21
1 23
1 26
1 27
1 32
1 33
1 35
1 36
1 37
1 38
1 40
1 41
1 43
1 44
1 45
1 46
1 47
2 5
2 7
2 13
2 14
2 16
2 17
2 18
2 21
2 22
2 23
2 27
2 29
2 33
2 34
2 36
2 37
2 38
2 40
2 43
2 46
2 48
3 4
3 11
3 15
3 16
3 17
3 28
3 30
3 31
3 38
3 39
3 40
3 43
3 44
3 46
4 9
4 11
4 14
4 15
4 17
4 21
4 23
4 24
4 27
4 29
4 30
4 32
4 34
4 35
4 36
4 37
4 38
4 42
4 43
4 45
4 46
4 47
4 48
5 6
5 9
5 11
5 13
5 15
5 18
5 19
5 30
5 35
5 37
5 40
5 41
5 47
5 48
6 9
6 10
6 11
6 18
6 23
6 24
6 30
6 31
6 34
6 38
6 41
6 47
7 9
7 15
7 16
7 20
7 21
7 24
7 25
7 26
7 28
7 30
7 34
7 35
7 36
7 37
7 38
7 39
7 42
7 45
7 46
7 47
8 9
8 10
8 11
8 13
8 15
8 17
8 18
8 19
8 22
8 24
8 25
8 31
8 34
8 35
8 41
8 42
8 43
8 44
8 46
9 14
9 16
9 20
9 23
9 24
9 26
9 27
9 32
9 33
9 36
9 38
9 40
9 42
9 43
9 46
9 47
10 11
10 12
10 15
10 16
10 18
10 19
10 23
10 24
10 26
10 28
10 31
10 33
10 36
10 37
10 39
10 40
10 44
10 46
10 47
10 48
11 13
11 19
11 21
11 22
11 27
11 28
11 29
11 30
11 34
11 35
11 36
11 37
11 38
11 40
11 42
11 43
11 44
11 47
12 16
12 17
12 18
12 19
12 20
12 26
12 27
12 28
12 31
12 33
12 34
12 38
12 43
12 45
12 46
12 48
13 14
13 16
13 18
13 19
13 21
13 26
13 27
13 29
13 33
13 34
13 36
13 37
13 38
13 42
13 44
13 46
14 15
14 18
14 25
14 28
14 29
14 30
14 32
14 34
14 39
14 40
14 43
14 45
14 48
15 16
15 17
15 18
15 20
15 22
15 24
15 25
15 28
15 29
15 33
15 34
15 35
15 38
15 39
15 40
15 47
15 48
16 17
16 19
16 22
16 23
16 26
16 27
16 29
16 30
16 31
16 33
16 35
16 36
16 39
16 41
16 42
16 43
17 18
17 21
17 22
17 30
17 31
17 33
17 36
17 37
17 41
17 43
17 44
17 45
17 46
18 19
18 21
18 23
18 25
18 29
18 32
18 34
18 36
18 37
18 38
18 39
18 40
18 43
18 44
19 22
19 25
19 26
19 27
19 28
19 29
19 31
19 32
19 33
19 35
19 37
19 39
19 41
19 42
19 43
19 47
20 21
20 22
20 25
20 26
20 28
20 33
20 34
20 36
20 38
20 40
20 44
20 45
20 47
20 48
21 22
21 24
21 25
21 26
21 28
21 31
21 33
21 36
21 37
21 40
21 43
21 48
22 23
22 24
22 29
22 31
22 33
22 36
22 37
22 39
22 43
22 45
22 47
23 24
23 25
23 26
23 28
23 29
23 37
23 39
24 26
24 30
24 32
24 33
24 40
24 43
24 44
24 46
24 48
25 26
25 28
25 31
25 36
25 37
25 40
25 41
25 43
25 45
25 48
26 29
26 31
26 32
26 35
26 36
26 43
26 44
26 45
26 46
26 47
27 29
27 36
27 37
27 38
27 40
27 41
27 42
27 43
27 45
27 47
28 32
28 36
28 37
28 38
28 39
28 40
28 41
28 42
28 44
28 47
29 30
29 32
29 33
29 35
29 37
29 43
29 44
29 45
29 46
29 47
29 48
30 31
30 32
30 34
30 35
30 37
30 38
30 41
30 43
30 47
30 48
31 33
31 35
31 42
31 43
31 45
31 46
31 47
32 33
32 34
32 37
32 38
32 39
32 43
32 45
32 47
33 36
33 37
33 45
33 47
34 41
34 42
34 43
34 44
34 46
34 48
35 37
35 40
35 41
35 44
35 46
36 37
36 40
36 41
36 42
36 43
36 46
36 48
37 38
37 41
37 42
37 43
37 46
37 47
38 47
38 48
39 44
39 48
40 41
40 42
40 45
40 47
40 48
41 45
41 46
41 47
41 48
42 43
42 45
42 47
43 47
44 46
45 46
46 48
