45 7 3 3
6 9
5 1
7 10
3 4
3 9
6 9
9 2
3 7
1 2
6 3
5 2
9 10
10 8
3 2
3 8
8 7
5 5
7 6
9 2
2 8
1 7
1 5
1 4
2 3
4 10
1 2
7 6
9 7
10 1
4 2
4 2
3 4
9 3
3 6
5 1
1 3
10 8
7 7
2 9
3 6
6 2
8 6
2 6
5 5
7 2
230
1 5
1 7
1 8
1 25
1 26
1 31
1 33
1 35
1 44
1 45
2 11
2 14
2 19
2 21
2 22
2 24
2 26
2 27
2 29
2 30
2 37
2 39
2 40
3 17
3 20
3 29
3 30
3 32
3 37
4 5
4 6
4 10
4 12
4 16
4 19
4 21
4 23
4 29
4 34
4 35
5 6
5 9
5 11
5 15
5 16
5 17
5 21
5 22
5 25
5 29
5 37
5 40
5 45
6 11
6 12
6 13
6 26
6 27
6 30
6 31
6 33
6 34
6 35
7 9
7 13
7 17
7 21
7 22
7 24
7 26
7 29
7 42
7 44
8 21
8 27
8 29
8 33
8 37
8 38
8 43
9 10
9 13
9 27
9 32
9 36
9 37
9 44
10 16
10 23
10 32
10 33
10 39
10 42
11 16
11 19
11 23
11 29
11 30
11 32
11 37
11 43
12 13
12 14
12 26
12 30
12 33
12 34
12 39
12 42
12 43
12 44
13 15
13 16
13 28
13 32
13 35
13 42
13 44
14 21
14 22
14 28
14 29
14 30
14 32
14 33
14 35
15 16
15 18
15 20
15 22
15 25
15 38
15 42
16 17
16 20
16 25
16 27
16 36
16 37
17 21
17 22
17 28
17 31
17 38
17 40
17 43
18 20
18 23
18 25
18 40
18 45
19 22
19 34
19 43
20 25
20 35
20 41
21 27
21 32
21 33
21 35
21 36
21 41
21 43
22 27
22 32
22 41
22 43
23 24
23 26
23 27
23 29
23 30
23 31
23 38
23 39
23 42
23 44
24 26
24 30
24 34
24 41
25 30
25 34
25 41
25 43
25 44
25 45
26 28
26 32
26 36
26 42
27 34
27 43
28 31
28 33
28 35
28 41
28 42
28 43
29 31
29 33
29 41
30 33
30 34
30 43
31 32
31 34
31 42
32 38
33 34
33 37
33 42
34 35
34 41
35 43
36 37
36 38
36 45
37 41
37 45
38 39
38 41
38 43
38 45
39 40
39 42
40 43
42 45
43 45
