37 9 2 3
1 9
9 6
9 10
10 7
6 3
9 1
3 7
7 6
7 10
9 7
3 7
2 6
6 8
8 3
8 6
8 2
5 4
8 3
8 1
8 8
2 4
3 8
8 4
8 5
1 6
3 3
6 9
2 8
6 3
2 1
10 10
6 4
3 3
7 4
1 1
7 8
10 2
405
1 2
1 3
1 6
1 7
1 8
1 9
1 11
1 12
1 16
1 17
1 18
1 19
1 22
1 23
1 24
1 27
1 28
1 30
1 31
1 34
2 7
2 8
2 10
2 11
2 12
2 14
2 15
2 16
2 17
2 18
2 19
2 20
2 22
2 23
2 24
2 25
2 27
2 28
2 30
2 31
2 33
2 36
2 37
3 4
3 6
3 7
3 9
3 11
3 12
3 13
3 15
3 16
3 17
3 19
3 22
3 23
3 25
3 27
3 28
3 29
3 32
3 33
3 34
3 36
3 37
4 5
4 6
4 7
4 11
4 12
4 13
4 14
4 15
4 17
4 23
4 24
4 27
4 29
4 30
4 31
4 32
4 35
4 37
5 9
5 10
5 13
5 15
5 18
5 19
5 23
5 24
5 27
5 29
5 31
5 33
5 35
5 37
6 8
6 10
6 11
6 14
6 17
6 21
6 23
6 24
6 25
6 26
6 29
6 30
6 31
6 32
6 33
6 34
6 35
6 37
7 8
7 9
7 11
7 13
7 14
7 15
7 16
7 17
7 18
7 19
7 20
7 21
7 22
7 23
7 24
7 26
7 29
7 30
7 31
7 32
7 33
7 35
7 36
7 37
8 11
8 12
8 13
8 16
8 17
8 18
8 19
8 21
8 22
8 23
8 25
8 26
8 27
8 30
8 31
8 32
8 36
8 37
9 11
9 12
9 13
9 14
9 15
9 16
9 17
9 19
9 20
9 22
9 23
9 25
9 26
9 27
9 28
9 29
9 30
9 32
9 34
9 35
9 36
10 11
10 12
10 13
10 14
10 15
10 16
10 18
10 20
10 22
10 23
10 24
10 25
10 27
10 30
10 31
10 33
10 34
10 36
11 12
11 15
11 17
11 19
11 20
11 21
11 22
11 25
11 27
11 28
11 29
11 31
11 32
11 34
11 35
11 36
11 37
12 15
12 16
12 18
12 20
12 21
12 22
12 23
12 24
12 25
12 26
12 27
12 33
12 34
12 35
13 16
13 19
13 20
13 21
13 22
13 23
13 24
13 26
13 27
13 29
13 33
13 34
13 35
13 36
14 15
14 20
14 21
14 24
14 25
14 27
14 28
14 30
14 32
14 33
14 34
14 35
14 37
15 17
15 18
15 19
15 21
15 23
15 25
15 26
15 30
15 31
15 32
15 35
16 17
16 20
16 23
16 24
16 27
16 28
16 29
16 31
16 34
16 36
17 19
17 20
17 22
17 24
17 25
17 27
17 30
17 31
17 32
17 36
17 37
18 21
18 25
18 26
18 27
18 28
18 30
18 32
18 33
18 34
18 37
19 20
19 21
19 23
19 24
19 26
19 27
19 29
19 30
19 31
19 32
19 33
19 37
20 21
20 22
20 24
20 26
20 28
20 31
20 33
20 34
20 36
21 22
21 23
21 24
21 25
21 26
21 27
21 28
21 29
21 30
21 31
21 33
21 34
21 35
22 24
22 26
22 27
22 29
22 30
22 31
22 32
22 33
22 35
22 37
23 24
23 26
23 27
23 28
23 32
23 33
23 34
23 37
24 26
24 27
24 28
24 29
24 31
24 32
24 33
24 34
24 36
24 37
25 27
25 28
25 30
25 32
25 33
25 34
25 35
25 37
26 27
26 30
26 31
26 32
26 33
26 34
27 30
27 32
27 33
27 36
27 37
28 30
28 32
28 33
28 34
28 36
28 37
29 30
29 31
29 32
29 33
29 35
29 36
29 37
30 31
30 33
30 34
31 33
31 35
31 36
31 37
32 33
32 35
32 36
32 37
33 34
34 35
35 36
36 37
