48 8 4 3
5 5
9 4
5 3
1 8
2 5
6 6
1 3
6 5
1 4
1 5
9 4
10 2
10 3
7 7
9 7
1 3
8 1
8 5
5 2
5 4
10 10
7 4
6 7
2 2
4 5
4 4
5 2
4 5
2 2
7 3
6 6
8 4
7 5
8 1
8 5
5 1
1 9
7 10
1 8
2 4
6 6
6 7
4 8
9 9
4 1
10 7
9 8
1 2
272
1 3
1 7
1 9
1 12
1 14
1 25
1 39
1 43
2 10
2 19
2 20
2 22
2 24
2 32
2 35
2 40
2 41
2 46
3 10
3 11
3 18
3 27
3 28
3 31
3 32
3 40
3 42
4 8
4 10
4 12
4 14
4 15
4 16
4 18
4 27
4 35
4 37
4 47
5 6
5 18
5 20
5 22
5 26
5 28
5 30
5 32
5 41
5 43
5 44
6 8
6 16
6 23
6 25
6 28
6 31
6 37
6 39
6 44
6 46
7 8
7 9
7 11
7 12
7 20
7 24
7 25
7 29
7 42
7 43
7 46
7 47
8 13
8 15
8 22
8 24
8 37
8 44
8 48
9 12
9 14
9 18
9 19
9 20
9 25
9 26
9 27
9 29
9 30
9 33
9 39
9 43
9 44
10 19
10 23
10 25
10 26
10 30
10 36
10 40
10 43
10 45
11 12
11 13
11 21
11 34
11 40
11 47
12 13
12 14
12 19
12 22
12 27
12 29
12 32
12 39
12 40
12 48
13 24
13 33
13 37
13 38
14 18
14 20
14 23
14 30
14 44
14 45
15 17
15 19
15 25
15 30
15 33
15 34
15 47
16 22
16 29
16 32
16 38
16 39
16 44
16 46
17 21
17 22
17 28
17 31
17 32
17 33
17 34
17 35
17 39
17 43
17 44
17 46
18 20
18 23
18 24
18 25
18 30
18 31
18 36
18 39
18 48
19 20
19 23
19 29
19 31
19 34
19 38
19 43
19 45
19 47
20 21
20 24
20 26
20 27
20 30
20 33
20 34
20 43
21 23
21 28
21 30
21 32
21 34
21 36
21 40
21 41
21 45
22 25
22 28
23 32
23 33
23 34
23 35
23 37
24 28
24 31
24 32
24 41
25 26
25 29
25 30
25 31
25 32
25 33
25 37
25 41
25 46
26 37
26 40
26 42
27 28
27 34
27 35
27 36
27 41
27 46
28 29
28 31
28 32
28 36
28 37
28 42
28 46
29 31
29 32
29 33
29 36
29 38
29 41
29 48
30 35
30 39
30 41
31 34
31 35
31 42
31 46
32 33
32 34
32 40
32 45
32 47
32 48
33 35
33 40
33 48
34 35
34 37
34 40
34 41
34 47
35 38
35 43
36 37
36 44
36 45
36 47
37 38
37 42
37 44
38 48
39 43
39 48
40 47
41 44
41 47
41 48
42 43
42 45
43 47
44 47
