42 8 4 1
8 6
2 10
9 1
6 4
7 4
6 6
2 3
8 4
1 6
3 10
4 8
8 4
9 6
3 9
4 1
3 9
4 1
5 6
1 10
4 6
10 10
2 1
3 10
1 1
3 2
10 1
2 1
8 1
7 3
2 2
5 9
1 4
3 9
3 3
7 3
10 6
10 3
6 7
2 2
4 8
2 9
6 4
56
1 14
1 22
2 10
2 15
3 13
3 24
3 39
4 12
4 18
4 25
4 26
4 33
5 26
5 36
7 40
9 13
9 26
9 30
9 41
10 11
10 25
11 20
11 22
11 23
11 39
12 36
12 38
13 22
13 25
13 27
13 36
13 38
14 39
15 17
15 25
15 30
16 20
16 30
16 34
19 30
20 23
20 24
20 26
22 29
22 30
23 30
24 32
24 37
26 35
30 40
30 42
31 32
32 34
33 34
36 42
38 41
