49 9 3 4
6 4
9 2
8 2
7 8
10 3
9 8
6 9
8 2
6 10
5 6
9 8
3 7
10 8
8 5
4 8
10 10
8 4
10 2
10 4
4 2
1 1
3 9
7 5
2 1
3 2
2 7
3 10
5 2
7 6
8 1
10 10
6 2
8 4
4 6
9 9
2 5
3 4
2 6
8 10
7 1
8 8
9 4
6 9
6 3
8 1
2 6
1 3
5 7
10 6
500
1 4
1 5
1 8
1 9
1 12
1 16
1 17
1 20
1 25
1 26
1 27
1 31
1 32
1 33
1 38
1 39
1 42
1 43
1 48
1 49
2 5
2 8
2 9
2 12
2 16
2 17
2 21
2 22
2 24
2 25
2 28
2 31
2 34
2 36
2 37
2 38
2 40
2 42
2 47
3 5
3 8
3 11
3 14
3 16
3 17
3 24
3 28
3 29
3 30
3 37
3 38
3 40
3 41
3 44
3 45
3 46
3 47
4 6
4 7
4 11
4 12
4 13
4 14
4 16
4 19
4 21
4 24
4 25
4 34
4 42
4 45
4 46
4 47
4 49
5 6
5 9
5 10
5 11
5 14
5 21
5 22
5 23
5 24
5 26
5 27
5 28
5 32
5 40
5 41
5 44
5 46
6 9
6 10
6 12
6 19
6 20
6 24
6 26
6 27
6 28
6 30
6 33
6 34
6 37
6 38
6 45
6 46
7 11
7 13
7 14
7 16
7 19
7 20
7 23
7 24
7 28
7 30
7 31
7 32
7 34
7 39
7 43
7 44
7 48
8 9
8 10
8 11
8 17
8 18
8 21
8 22
8 24
8 25
8 26
8 27
8 30
8 33
8 39
8 46
8 47
9 10
9 14
9 15
9 16
9 18
9 21
9 27
9 28
9 29
9 33
9 35
9 36
9 37
9 38
9 39
9 42
9 45
9 47
9 49
10 12
10 13
10 17
10 18
10 19
10 20
10 22
10 25
10 27
10 29
10 32
10 35
10 38
10 40
10 43
10 44
10 47
10 49
11 14
11 15
11 17
11 26
11 27
11 29
11 30
11 31
11 32
11 33
11 34
11 35
11 36
11 37
11 38
11 45
11 48
12 13
12 15
12 17
12 18
12 20
12 23
12 25
12 29
12 30
12 31
12 32
12 34
12 35
12 38
12 39
12 40
12 41
12 46
12 47
13 15
13 19
13 22
13 24
13 26
13 30
13 32
13 35
13 38
13 41
13 45
13 46
13 47
14 16
14 17
14 20
14 22
14 24
14 26
14 29
14 32
14 33
14 34
14 35
14 36
14 38
14 40
14 42
14 44
14 48
14 49
15 17
15 20
15 22
15 24
15 28
15 30
15 33
15 34
15 36
15 37
15 41
15 43
15 46
15 47
15 49
16 19
16 22
16 23
16 25
16 26
16 28
16 29
16 30
16 32
16 40
16 42
16 44
16 46
16 49
17 19
17 24
17 25
17 27
17 28
17 36
17 37
17 38
17 42
18 20
18 22
18 24
18 26
18 27
18 31
18 32
18 33
18 34
18 35
18 37
18 38
18 39
18 41
18 44
19 21
19 23
19 25
19 26
19 27
19 28
19 29
19 31
19 32
19 33
19 37
19 42
19 43
19 45
19 48
20 21
20 22
20 24
20 26
20 27
20 28
20 29
20 30
20 31
20 34
20 35
20 40
20 41
20 43
20 44
20 47
20 49
21 30
21 34
21 35
21 36
21 40
21 41
21 43
21 49
22 26
22 27
22 29
22 32
22 33
22 40
22 44
22 48
23 24
23 26
23 27
23 28
23 29
23 30
23 33
23 34
23 36
23 40
23 42
23 43
23 45
23 46
23 48
24 27
24 28
24 30
24 32
24 33
24 35
24 36
24 37
24 42
24 46
25 28
25 29
25 34
25 38
25 41
25 42
25 43
25 44
25 45
25 47
26 30
26 32
26 34
26 36
26 38
26 39
26 40
26 42
26 46
26 47
26 48
27 29
27 30
27 32
27 34
27 35
27 41
27 46
27 49
28 30
28 32
28 33
28 35
28 38
28 39
28 41
28 42
28 43
28 45
29 30
29 32
29 33
29 38
29 39
29 45
29 46
29 47
30 31
30 33
30 34
30 35
30 38
30 39
30 40
30 42
30 44
30 45
30 49
31 33
31 34
31 38
31 40
31 45
31 48
32 36
32 41
32 42
32 44
32 47
32 48
33 36
33 37
33 39
33 43
33 45
33 47
33 48
34 39
34 42
34 43
34 44
34 45
34 46
34 47
34 48
35 42
35 43
35 45
35 47
35 49
36 37
36 38
36 44
36 45
36 46
36 47
36 48
37 43
37 44
37 48
37 49
38 39
38 43
39 40
39 44
39 45
39 46
39 47
40 41
40 43
40 48
41 44
41 47
41 48
41 49
42 44
42 45
42 49
43 45
43 47
44 45
44 46
44 47
45 46
45 49
46 47
46 48
47 48
47 49
48 49
