28 4 2 4
5 2
6 5
2 3
4 5
10 1
1 2
8 1
4 8
2 9
2 2
3 1
2 3
6 3
6 10
6 9
5 9
8 4
6 8
8 9
8 10
4 9
8 7
3 7
8 1
1 10
10 7
7 9
4 7
114
1 4
1 8
1 10
1 12
1 18
1 21
1 25
1 26
1 27
2 4
2 5
2 6
2 7
2 10
2 11
2 12
2 14
2 17
2 22
2 26
3 4
3 6
3 8
3 16
3 18
3 19
3 27
3 28
4 5
4 11
4 13
4 14
4 15
4 17
4 28
5 16
5 19
5 20
5 23
5 27
6 9
6 17
6 22
7 8
7 11
7 12
7 16
7 18
7 26
8 9
8 10
8 14
8 21
8 27
9 10
9 11
9 12
9 13
9 14
9 15
9 19
9 21
9 27
10 24
10 28
11 16
11 17
11 18
11 19
11 20
11 21
12 22
12 26
12 27
13 15
13 16
13 17
13 18
13 20
13 21
13 27
14 15
14 16
14 18
14 20
14 23
14 24
15 17
15 20
15 28
16 20
16 22
16 24
16 25
16 27
17 21
18 19
18 22
18 27
19 21
19 22
19 23
19 28
20 26
20 28
21 22
21 25
21 27
22 28
23 24
24 27
25 27
26 27
26 28
