26 5 4 3
5 3
1 6
1 2
8 4
2 3
6 2
8 8
3 3
2 10
4 4
7 9
5 1
3 10
3 8
4 7
1 1
1 4
3 4
7 8
3 1
3 6
6 1
2 10
9 4
7 6
9 7
130
1 2
1 6
1 7
1 10
1 12
1 15
1 25
2 3
2 5
2 7
2 9
2 10
2 15
2 21
2 25
3 4
3 5
3 7
3 10
3 15
3 16
3 17
3 18
3 19
3 21
3 22
3 23
3 24
4 9
4 10
4 14
4 15
4 20
4 22
4 23
4 25
5 6
5 8
5 9
5 11
5 13
5 15
5 16
5 19
5 21
6 11
6 12
6 14
6 19
6 20
6 22
6 25
6 26
7 8
7 11
7 12
7 14
7 15
7 16
7 18
7 19
7 20
8 9
8 13
8 16
8 18
8 23
8 24
8 25
9 11
9 13
9 15
9 16
9 17
9 19
9 22
9 23
9 25
9 26
10 16
10 20
10 23
11 12
11 22
11 23
11 24
11 26
12 13
12 14
12 16
12 17
12 18
12 21
13 16
13 17
13 18
13 19
13 23
14 16
14 17
14 20
14 23
14 26
15 18
15 22
15 24
15 25
15 26
16 18
16 22
17 18
17 21
17 26
18 20
18 21
18 22
18 24
19 20
19 21
19 24
19 26
20 22
20 24
20 25
20 26
21 26
22 23
22 24
23 24
23 25
