48 8 2 2
8 5
4 6
2 5
7 7
9 6
6 10
3 1
1 10
7 9
7 3
1 8
2 8
7 3
4 5
8 2
7 7
1 4
4 5
8 6
2 8
6 7
2 1
5 3
10 8
4 10
10 3
6 7
2 9
7 10
9 2
3 1
6 10
5 9
10 4
5 10
5 3
3 10
4 2
9 4
10 10
2 2
2 2
9 5
9 6
4 7
8 3
1 9
6 7
397
1 2
1 3
1 4
1 8
1 13
1 15
1 17
1 18
1 27
1 29
1 32
1 37
1 39
1 42
1 43
1 45
2 4
2 12
2 22
2 28
2 29
2 31
2 32
2 36
2 37
2 38
2 42
2 44
2 45
3 9
3 11
3 13
3 24
3 26
3 27
3 29
3 30
3 31
3 33
3 34
3 35
3 38
3 39
3 43
3 45
4 8
4 9
4 11
4 15
4 16
4 21
4 22
4 28
4 31
4 33
4 34
4 35
4 36
4 41
4 42
4 43
4 44
4 45
4 48
5 7
5 12
5 13
5 16
5 20
5 22
5 28
5 29
5 30
5 32
5 35
5 36
5 37
5 38
5 41
5 44
6 7
6 8
6 9
6 18
6 19
6 21
6 24
6 25
6 26
6 28
6 32
6 40
6 44
6 46
6 48
7 9
7 11
7 12
7 13
7 16
7 17
7 19
7 22
7 23
7 24
7 29
7 30
7 36
7 38
7 44
7 45
8 9
8 11
8 15
8 22
8 31
8 33
8 35
8 39
8 42
8 47
9 11
9 15
9 18
9 20
9 21
9 22
9 26
9 28
9 29
9 35
9 38
9 41
9 47
9 48
10 11
10 13
10 16
10 17
10 20
10 22
10 23
10 24
10 25
10 28
10 29
10 31
10 32
10 36
10 41
10 42
10 45
10 48
11 12
11 14
11 16
11 18
11 24
11 25
11 27
11 35
11 39
11 43
11 45
11 46
11 47
11 48
12 17
12 18
12 20
12 31
12 32
12 33
12 36
12 37
12 43
13 14
13 15
13 16
13 17
13 20
13 21
13 23
13 29
13 30
13 33
13 38
13 41
13 47
14 17
14 18
14 22
14 23
14 25
14 28
14 35
14 37
14 38
14 44
14 47
15 16
15 18
15 37
15 44
15 45
15 47
16 17
16 22
16 23
16 24
16 25
16 27
16 35
16 36
16 37
16 39
16 43
16 45
16 46
16 47
17 18
17 20
17 25
17 27
17 29
17 31
17 33
17 34
17 36
17 37
17 38
17 44
17 45
17 46
18 22
18 23
18 27
18 31
18 38
18 41
18 42
18 45
18 46
18 47
18 48
19 23
19 25
19 33
19 34
19 35
19 39
19 40
19 46
19 48
20 21
20 22
20 28
20 32
20 34
20 36
20 44
20 47
21 22
21 25
21 26
21 35
21 39
21 42
21 46
21 47
22 24
22 25
22 26
22 27
22 31
22 33
22 35
22 37
22 39
22 42
22 43
23 25
23 26
23 28
23 31
23 33
23 35
23 40
23 42
23 46
23 47
24 31
24 40
25 27
25 30
25 32
25 35
25 38
25 42
25 47
26 29
26 33
26 34
26 37
26 38
26 45
27 28
27 29
27 31
27 34
27 37
27 38
27 41
27 43
27 44
27 47
28 29
28 30
28 36
28 40
28 45
28 47
29 32
29 40
29 42
29 46
29 47
30 31
30 33
30 35
30 36
30 39
30 44
31 33
31 39
31 41
31 42
31 44
31 45
31 47
32 33
32 34
32 35
32 37
32 39
32 41
32 43
32 44
32 45
32 46
32 47
33 34
33 38
33 41
33 45
33 47
34 37
34 45
34 47
35 36
35 45
35 47
35 48
36 38
36 39
36 41
36 44
36 47
36 48
37 41
37 42
37 43
37 44
37 45
37 47
38 39
38 41
38 42
38 43
38 44
38 45
38 46
38 47
39 42
39 45
39 47
41 48
42 43
42 47
42 48
43 44
44 45
44 46
44 47
44 48
45 48
46 47
