37 9 2 1
7 9
5 7
1 2
1 10
6 2
4 1
4 1
4 3
2 6
6 2
2 1
2 4
5 7
9 1
9 2
7 2
3 10
2 2
1 5
10 6
5 9
9 7
6 2
2 6
2 2
1 3
1 5
8 6
1 7
2 1
7 4
9 10
1 3
10 2
10 4
5 10
7 6
411
1 2
1 3
1 4
1 6
1 9
1 12
1 17
1 20
1 23
1 24
1 25
1 26
1 29
1 30
1 31
1 32
1 33
1 34
1 35
1 36
2 3
2 4
2 5
2 6
2 7
2 10
2 12
2 13
2 14
2 16
2 17
2 19
2 20
2 22
2 23
2 24
2 25
2 26
2 27
2 28
2 30
2 34
2 36
2 37
3 5
3 7
3 8
3 9
3 10
3 11
3 12
3 14
3 15
3 16
3 17
3 19
3 20
3 23
3 24
3 25
3 26
3 27
3 28
3 29
3 30
3 33
3 35
3 36
4 6
4 7
4 8
4 9
4 12
4 13
4 14
4 15
4 16
4 18
4 19
4 22
4 24
4 26
4 28
4 29
4 30
4 34
5 6
5 9
5 11
5 12
5 14
5 15
5 16
5 19
5 20
5 21
5 22
5 23
5 28
5 29
5 31
5 32
5 33
5 34
5 35
5 36
5 37
6 9
6 10
6 11
6 12
6 14
6 15
6 19
6 21
6 22
6 23
6 24
6 25
6 26
6 27
6 29
6 31
6 32
6 33
6 34
6 35
6 37
7 8
7 11
7 12
7 16
7 17
7 18
7 19
7 21
7 23
7 26
7 27
7 28
7 29
7 30
7 32
7 33
7 36
8 9
8 13
8 15
8 16
8 17
8 18
8 19
8 20
8 22
8 24
8 25
8 26
8 27
8 28
8 29
8 30
8 33
8 35
8 36
8 37
9 13
9 14
9 15
9 17
9 19
9 20
9 23
9 26
9 27
9 29
9 30
9 31
9 32
9 33
9 34
9 35
9 36
9 37
10 11
10 13
10 14
10 16
10 17
10 19
10 20
10 22
10 23
10 24
10 25
10 26
10 27
10 28
10 29
10 31
10 32
10 37
11 12
11 14
11 18
11 19
11 21
11 22
11 24
11 25
11 26
11 27
11 29
11 30
11 31
11 32
11 33
11 34
11 35
12 13
12 14
12 15
12 17
12 19
12 20
12 22
12 25
12 28
12 29
12 31
12 32
12 33
12 34
12 35
12 36
13 14
13 15
13 16
13 18
13 21
13 22
13 23
13 24
13 28
13 29
13 30
13 31
13 32
13 33
13 34
13 36
13 37
14 15
14 16
14 17
14 19
14 20
14 21
14 22
14 23
14 25
14 27
14 28
14 29
14 32
14 35
14 36
14 37
15 16
15 17
15 20
15 21
15 22
15 23
15 24
15 25
15 26
15 27
15 30
15 31
15 34
15 35
16 18
16 22
16 23
16 25
16 27
16 29
16 30
16 31
16 32
16 33
16 34
16 36
17 20
17 23
17 27
17 28
17 30
17 33
17 35
17 36
18 20
18 21
18 22
18 23
18 25
18 26
18 27
18 28
18 29
18 32
18 34
18 35
18 36
19 20
19 23
19 24
19 29
19 30
19 31
19 33
19 34
20 21
20 24
20 26
20 27
20 28
20 29
20 30
20 31
20 34
20 35
20 36
20 37
21 23
21 25
21 27
21 28
21 30
21 31
21 33
21 35
21 36
22 23
22 24
22 25
22 27
22 28
22 29
22 30
22 32
23 26
23 28
23 29
23 30
23 31
23 33
23 34
23 35
24 25
24 27
24 31
24 32
24 33
24 34
24 35
25 26
25 27
25 28
25 29
25 31
25 32
25 35
25 37
26 30
26 32
26 33
26 35
26 37
27 29
27 30
27 31
27 33
27 36
27 37
28 29
28 30
28 33
28 37
29 30
29 31
29 32
29 33
29 34
29 35
30 31
30 32
30 36
30 37
31 32
32 33
32 35
32 36
33 34
33 35
33 37
34 35
34 36
35 36
35 37
36 37
