26 3 2 7
1 9
8 3
5 3
5 10
6 3
5 2
9 10
4 2
5 9
3 1
7 8
10 6
6 8
9 2
5 6
9 3
10 3
7 4
4 7
5 9
10 5
5 3
8 7
9 5
10 2
1 1
120
1 2
1 6
1 12
1 14
1 15
1 18
1 20
1 25
1 26
2 3
2 5
2 9
2 10
2 11
2 12
2 15
2 16
2 18
2 19
2 21
2 23
3 4
3 7
3 10
3 12
3 14
3 17
3 20
3 22
4 11
4 12
4 13
4 14
4 23
4 26
5 11
5 13
5 16
5 22
6 9
6 10
6 13
6 14
6 22
6 23
6 24
6 25
6 26
7 16
7 17
7 18
7 20
7 22
7 24
7 25
7 26
8 12
8 13
8 14
8 15
8 16
8 20
8 21
8 25
9 12
9 17
9 20
9 25
10 12
10 13
10 16
10 17
11 12
11 17
11 22
12 14
12 15
12 19
12 20
12 22
12 24
13 14
13 16
13 18
13 20
13 26
14 18
14 19
14 20
14 21
14 23
14 26
15 16
15 19
15 26
16 17
16 19
16 20
16 23
17 21
17 23
17 24
17 25
18 19
18 21
18 22
18 25
20 21
20 24
20 25
21 22
21 23
21 25
21 26
22 23
23 24
23 25
23 26
24 25
25 26
