26 9 2 7
3 8
6 9
10 2
7 4
5 3
7 2
2 2
8 5
8 1
8 2
6 3
2 4
10 1
7 6
1 3
3 8
10 1
9 2
2 2
1 3
5 2
7 9
7 6
10 8
8 7
6 10
106
1 3
1 11
1 15
1 16
1 23
1 24
1 25
2 5
2 8
2 10
2 12
2 15
2 17
2 19
2 20
2 21
2 23
3 6
3 9
3 12
3 19
4 5
4 8
4 13
4 17
4 18
4 21
5 6
5 7
5 8
5 10
5 11
5 16
6 7
6 12
6 13
6 17
6 22
6 24
7 10
7 12
7 13
7 14
7 16
8 11
8 12
8 18
8 20
8 22
8 23
9 11
9 13
9 14
9 18
9 22
9 23
9 24
10 11
10 12
10 15
10 17
10 21
10 23
11 12
11 13
11 17
11 23
11 24
12 15
12 16
12 25
13 16
13 17
13 21
14 17
14 19
14 24
14 25
15 17
15 20
15 26
16 17
16 22
16 24
16 26
17 19
17 22
17 24
18 19
18 20
18 23
18 26
19 21
19 22
19 23
19 24
19 25
19 26
20 23
21 24
22 23
22 24
22 25
22 26
24 26
25 26
