27 11 5 4
7 8
4 2
6 3
2 7
3 2
5 1
1 10
5 2
3 4
3 4
2 5
6 10
10 6
9 2
9 3
6 8
10 1
3 3
7 3
1 7
1 2
5 9
9 4
6 2
6 2
8 7
5 8
118
1 8
1 10
1 14
1 16
1 21
1 24
2 4
2 11
2 12
2 13
2 19
2 22
2 24
2 25
2 27
3 7
3 10
3 11
3 15
3 18
3 21
4 5
4 6
4 9
4 12
4 13
4 16
4 19
4 23
4 25
4 27
5 8
5 9
5 12
5 19
5 22
5 27
6 8
6 12
6 15
6 16
6 17
6 18
6 22
7 9
7 15
7 17
7 19
7 22
7 25
8 12
8 15
8 18
8 20
8 21
8 27
9 14
9 15
9 16
9 17
9 18
9 23
10 15
10 16
10 21
11 12
11 16
11 18
11 20
11 22
11 23
11 27
12 19
12 20
12 24
13 14
13 16
13 20
13 22
13 26
14 17
14 19
14 20
14 23
14 24
14 27
15 16
15 17
15 18
15 19
15 20
15 21
15 22
16 17
16 19
16 20
16 26
17 19
17 21
17 22
17 24
17 25
17 26
17 27
18 19
18 21
18 25
19 21
19 22
20 22
20 23
20 25
21 22
21 24
22 24
22 27
23 24
26 27
