20 2 2 3
4 5
6 7
6 5
4 2
2 10
6 2
6 4
3 5
7 2
2 10
10 5
1 3
7 10
1 7
1 7
3 6
3 7
8 2
9 5
7 10
120
1 2
1 4
1 5
1 6
1 10
1 12
1 13
1 14
1 15
1 16
1 17
1 18
1 19
1 20
2 4
2 6
2 7
2 8
2 9
2 10
2 14
2 16
2 17
2 19
2 20
3 5
3 6
3 8
3 10
3 12
3 13
3 15
3 16
3 18
3 19
3 20
4 5
4 6
4 7
4 8
4 9
4 10
4 11
4 12
4 13
4 14
4 15
4 19
4 20
5 9
5 10
5 15
5 16
5 17
5 18
5 20
6 7
6 8
6 11
6 12
6 16
6 18
6 19
6 20
7 8
7 9
7 10
7 11
7 13
7 16
7 17
7 20
8 9
8 10
8 11
8 13
8 14
8 15
8 16
8 17
8 19
9 11
9 15
9 16
9 17
9 19
9 20
10 11
10 13
10 14
10 16
10 17
10 18
10 19
11 13
11 14
11 15
11 16
11 17
11 18
11 20
12 15
12 16
12 17
12 18
13 15
13 18
13 19
14 15
14 17
14 19
14 20
15 16
15 17
16 17
16 18
17 18
17 19
17 20
19 20
