20 2 2 2
1 10
7 2
1 2
4 1
3 10
7 8
1 1
3 9
3 3
6 9
5 3
4 1
6 4
10 1
2 2
7 8
4 9
8 5
4 8
6 10
103
1 3
1 5
1 6
1 7
1 9
1 10
1 14
1 16
1 18
1 19
2 4
2 5
2 11
2 12
2 13
2 16
2 17
2 18
2 19
3 5
3 6
3 8
3 9
3 14
3 15
3 18
4 5
4 7
4 8
4 11
4 12
4 14
4 15
4 17
4 19
5 7
5 9
5 11
5 12
5 13
5 20
6 11
6 12
6 13
6 14
6 15
6 16
6 17
6 18
6 19
6 20
7 8
7 9
7 11
7 12
7 15
7 16
7 17
7 20
8 9
8 11
8 13
8 15
8 16
8 17
8 20
9 11
9 12
9 13
9 18
10 11
10 13
10 16
10 17
10 18
11 12
11 13
11 14
11 15
11 16
11 17
11 18
11 19
11 20
12 13
12 15
12 16
12 19
13 15
13 16
13 19
14 15
14 17
14 18
15 19
15 20
16 17
16 18
16 19
16 20
17 18
17 19
17 20
