20 2 2 2
4 10
2 3
8 3
7 3
9 10
6 7
2 7
1 5
8 9
2 3
2 7
4 7
5 5
1 3
3 10
1 2
3 6
4 3
6 6
5 6
81
1 4
1 7
1 10
1 11
1 12
1 13
1 14
1 17
1 20
2 5
2 12
2 14
2 16
2 17
2 18
2 20
3 8
3 10
3 11
3 13
3 19
3 20
4 9
4 11
4 12
4 13
4 16
4 17
4 19
4 20
5 7
5 8
5 15
5 16
5 17
5 18
5 20
6 8
6 9
6 10
6 14
6 16
7 12
7 13
7 16
7 17
7 18
7 19
7 20
8 9
8 10
8 12
8 13
8 14
8 16
8 18
9 11
9 14
9 20
10 11
10 14
11 12
11 15
11 20
12 13
12 14
12 17
12 18
13 14
13 16
13 19
14 15
14 16
14 19
14 20
15 17
15 18
15 19
16 17
17 19
17 20
