20 2 3 2
2 7
2 8
6 4
1 5
7 9
6 2
2 9
5 3
7 7
7 6
3 5
9 4
8 7
1 2
7 4
1 3
9 4
7 10
8 3
10 8
103
1 2
1 4
1 5
1 7
1 8
1 9
1 11
1 13
1 14
1 16
1 17
1 19
2 4
2 6
2 10
2 11
2 12
2 13
2 14
2 17
2 19
2 20
3 5
3 6
3 7
3 8
3 9
3 10
3 12
3 16
3 17
3 19
3 20
4 5
4 6
4 9
4 12
4 14
4 15
4 17
4 19
4 20
5 6
5 7
5 8
5 9
5 10
5 11
5 12
5 13
5 15
5 16
6 7
6 10
6 11
6 14
6 15
6 16
6 18
6 20
7 8
7 10
7 12
7 13
7 15
7 19
8 9
8 10
8 13
8 15
8 16
8 17
8 20
9 11
9 12
9 15
9 18
10 11
10 12
10 13
10 14
10 18
10 20
11 12
11 17
11 18
11 19
11 20
12 13
12 15
12 17
12 20
13 15
13 19
14 17
14 19
15 17
16 17
16 18
16 19
17 18
17 20
19 20
