28 18 9 7
4 5
5 1
6 4
9 3
3 7
2 1
5 9
2 5
6 3
6 10
1 7
4 2
7 9
3 1
7 9
5 3
9 10
9 3
4 9
3 8
2 6
8 5
1 9
2 3
9 1
5 6
7 6
7 2
262
1 4
1 6
1 7
1 8
1 9
1 10
1 11
1 13
1 14
1 15
1 16
1 17
1 18
1 19
1 20
1 21
1 22
1 25
1 26
1 27
2 4
2 5
2 6
2 7
2 8
2 9
2 10
2 11
2 12
2 15
2 16
2 17
2 18
2 19
2 22
2 25
2 26
2 27
2 28
3 4
3 5
3 6
3 7
3 9
3 10
3 11
3 14
3 18
3 19
3 20
3 22
3 25
3 26
4 5
4 6
4 7
4 8
4 9
4 11
4 13
4 14
4 15
4 16
4 17
4 18
4 19
4 20
4 21
4 25
4 26
4 27
4 28
5 6
5 7
5 8
5 10
5 11
5 12
5 13
5 14
5 16
5 17
5 19
5 20
5 21
5 22
5 23
5 26
5 28
6 9
6 12
6 13
6 15
6 18
6 23
6 24
6 25
6 26
6 27
6 28
7 8
7 9
7 10
7 11
7 12
7 13
7 14
7 16
7 18
7 19
7 20
7 21
7 23
7 24
7 25
7 27
7 28
8 10
8 12
8 13
8 14
8 15
8 16
8 17
8 21
8 22
8 23
8 24
8 25
8 27
8 28
9 10
9 11
9 13
9 14
9 15
9 17
9 18
9 19
9 21
9 22
9 23
9 25
9 26
9 27
9 28
10 11
10 12
10 14
10 15
10 16
10 17
10 19
10 20
10 21
10 22
10 23
10 24
10 26
10 27
11 13
11 14
11 16
11 17
11 19
11 20
11 22
11 23
11 24
11 25
12 13
12 15
12 16
12 17
12 19
12 23
12 25
12 27
12 28
13 14
13 15
13 16
13 19
13 20
13 21
13 24
13 25
14 15
14 16
14 17
14 18
14 19
14 20
14 21
14 22
14 23
14 24
14 25
14 27
14 28
15 16
15 18
15 19
15 20
15 25
15 27
15 28
16 18
16 19
16 20
16 21
16 22
16 23
16 24
16 26
16 28
17 18
17 19
17 20
17 21
17 22
17 24
17 25
17 27
17 28
18 19
18 22
18 24
18 25
18 26
19 20
19 21
19 22
19 23
19 24
19 28
20 22
20 23
20 24
20 25
20 27
21 22
21 24
21 25
21 26
21 27
21 28
22 23
22 24
22 25
22 26
22 27
22 28
23 24
23 25
23 26
24 26
24 28
25 26
25 27
25 28
27 28
