25 19 6 5
4 9
6 2
10 2
3 9
8 7
7 9
1 6
3 9
5 7
1 3
5 8
9 4
3 6
1 8
9 7
9 1
10 9
8 10
6 9
10 8
9 3
8 9
8 6
2 7
7 2
89
1 4
1 6
1 14
1 16
1 19
1 20
1 21
1 23
2 3
2 9
2 10
2 11
2 20
2 22
3 6
3 8
3 13
3 14
3 16
3 23
4 5
4 11
4 14
4 18
4 19
4 21
4 23
5 16
5 25
6 17
6 19
6 22
7 8
7 11
7 12
7 15
7 18
7 19
7 22
7 24
8 11
8 12
8 13
8 14
8 15
8 19
8 20
8 23
9 10
9 11
9 12
9 15
9 16
9 19
9 20
9 21
10 11
10 17
10 18
10 22
10 24
11 16
11 21
12 17
12 20
13 24
14 15
14 25
15 17
15 18
15 21
15 22
15 23
15 25
16 18
16 25
17 18
17 21
17 23
18 19
18 22
18 25
19 24
20 21
20 22
22 23
22 25
23 24
23 25
