30 3 3 3
2 10
6 8
7 3
8 7
9 6
1 1
8 10
4 9
10 10
5 4
10 2
9 6
7 7
5 4
3 4
5 3
8 8
5 9
10 8
9 9
2 4
4 5
5 3
8 5
9 5
7 8
9 5
4 3
6 5
6 4
97
1 2
1 5
1 13
1 16
1 21
1 24
1 26
2 3
2 13
2 15
2 19
2 20
2 27
3 5
3 11
3 15
3 17
3 23
3 26
4 5
4 12
4 13
4 14
4 17
4 19
4 28
4 29
5 6
5 9
5 11
5 18
5 19
5 20
5 22
5 24
6 7
6 12
6 17
6 18
6 19
6 20
6 21
6 22
6 26
6 27
6 29
6 30
7 12
7 14
7 16
7 24
7 28
7 30
8 13
8 17
8 19
8 25
8 30
9 30
10 24
10 25
10 28
10 29
11 14
11 17
11 18
11 26
12 13
12 27
13 14
13 21
13 25
13 28
14 21
14 26
14 30
15 17
15 21
15 24
15 30
16 19
16 26
16 28
17 20
17 21
17 25
17 30
18 25
19 21
20 21
20 25
20 30
22 28
23 28
24 25
25 27
25 30
