30 3 2 1
5 3
6 9
6 4
3 1
6 3
4 8
9 8
4 10
1 2
9 4
5 10
8 5
2 8
6 6
2 7
1 7
5 9
9 4
5 6
4 5
9 6
8 9
2 1
7 6
1 3
5 6
7 6
4 8
2 4
8 1
180
1 4
1 6
1 7
1 8
1 10
1 11
1 13
1 18
1 20
1 22
1 24
1 26
1 27
1 28
1 30
2 4
2 5
2 7
2 9
2 10
2 15
2 17
2 20
2 22
2 23
2 25
2 30
3 13
3 16
3 17
3 18
3 25
3 27
3 28
4 9
4 10
4 14
4 18
4 23
4 24
4 25
4 28
4 30
5 6
5 7
5 9
5 11
5 12
5 17
5 20
5 27
5 28
6 7
6 13
6 14
6 15
6 16
6 17
6 18
6 19
6 23
6 24
6 26
6 28
6 30
7 8
7 11
7 13
7 16
7 17
7 19
7 20
7 25
7 26
7 27
7 28
7 29
8 13
8 16
8 18
8 21
8 22
8 24
8 25
8 29
9 11
9 12
9 22
9 29
10 14
10 15
10 16
10 18
10 19
10 20
10 21
10 25
10 26
10 27
10 30
11 13
11 14
11 18
11 23
11 26
11 28
12 13
12 14
12 16
12 19
12 24
12 25
12 27
13 15
13 16
13 20
13 21
13 26
13 29
13 30
14 16
14 17
14 18
14 19
14 21
14 22
14 23
14 24
14 26
14 29
14 30
15 16
15 20
15 21
15 22
15 23
15 25
15 27
15 29
16 17
16 20
16 22
16 25
16 27
16 28
17 19
17 20
17 23
17 25
17 28
17 29
18 23
18 24
18 25
18 27
18 30
19 24
19 26
20 21
20 22
20 27
20 28
21 22
21 23
21 25
21 26
22 26
22 30
23 25
23 26
23 27
23 30
24 26
24 28
24 29
24 30
25 26
25 27
26 28
27 29
