30 3 1 1
7 6
3 1
7 10
4 9
1 3
1 9
3 1
9 1
4 2
9 4
10 9
9 8
1 9
9 6
6 9
8 1
6 3
10 7
7 5
8 7
8 8
8 7
7 2
8 4
6 6
4 3
2 5
2 4
7 2
5 3
88
1 9
1 15
1 17
1 20
1 21
1 23
1 27
1 30
2 10
2 13
2 23
2 24
2 27
3 7
3 15
3 22
3 23
4 15
4 23
4 25
5 11
5 12
5 17
5 19
5 20
5 23
5 29
6 9
6 12
6 19
6 21
6 24
6 27
7 9
7 16
7 18
7 19
7 22
7 26
8 9
8 10
8 15
8 16
8 17
8 18
8 20
8 22
8 26
8 30
9 22
10 14
10 16
11 16
11 21
11 23
11 24
12 15
12 24
13 19
13 27
13 30
14 15
14 19
14 26
15 17
15 19
15 21
15 25
15 27
16 17
16 21
16 23
16 27
17 19
17 20
17 25
18 22
18 26
19 26
20 29
21 29
22 23
23 25
23 30
24 26
26 27
27 30
28 29
