30 3 4 2
8 3
6 7
6 9
2 6
1 9
1 8
6 10
5 8
4 7
7 10
9 3
5 2
10 4
6 7
8 3
6 10
10 1
1 7
4 5
10 10
6 8
2 1
8 1
9 7
2 6
7 2
7 10
4 6
1 1
4 2
184
1 5
1 9
1 11
1 15
1 20
1 21
1 22
2 3
2 5
2 6
2 10
2 11
2 12
2 13
2 15
2 18
2 22
2 24
2 25
2 26
2 28
2 30
3 4
3 5
3 6
3 10
3 12
3 13
3 16
3 17
3 19
3 21
3 22
3 24
3 25
3 29
3 30
4 5
4 6
4 7
4 8
4 11
4 13
4 14
4 15
4 16
4 24
4 26
4 27
4 28
4 29
5 8
5 9
5 16
5 18
5 23
5 24
5 26
5 28
5 29
6 8
6 12
6 13
6 16
6 18
6 19
6 23
6 24
6 28
6 30
7 11
7 13
7 15
7 18
7 22
7 26
7 29
8 12
8 14
8 16
8 17
8 21
8 22
8 24
8 28
8 29
8 30
9 10
9 14
9 17
9 18
9 20
9 22
9 23
9 25
9 26
9 29
10 13
10 14
10 16
10 30
11 13
11 14
11 17
11 20
11 24
11 27
11 28
11 29
11 30
12 16
12 17
12 18
12 19
12 20
12 24
12 27
12 28
13 17
13 23
13 25
13 26
13 27
14 15
14 17
14 20
14 23
14 27
14 29
14 30
15 17
15 18
15 23
15 26
15 27
15 29
15 30
16 17
16 18
16 28
17 19
17 24
17 25
17 27
17 29
17 30
18 19
18 21
18 22
18 24
18 28
18 29
18 30
19 20
19 21
19 23
19 24
19 27
19 28
20 21
20 24
20 30
21 24
21 26
21 27
21 30
22 23
22 25
22 26
22 28
22 29
22 30
23 24
23 27
23 28
23 29
24 26
24 27
24 28
24 29
24 30
25 30
26 27
27 28
