30 3 4 1
7 3
7 8
10 6
8 3
9 3
6 8
8 6
9 10
6 9
10 8
7 9
2 1
7 2
8 7
4 5
2 2
7 1
6 10
3 7
10 10
8 1
9 9
8 10
1 8
4 5
6 2
6 9
9 10
7 2
2 4
77
1 3
1 4
1 12
1 22
1 30
2 4
2 5
2 9
2 10
2 27
2 28
3 8
3 11
3 14
3 16
3 18
3 23
4 15
4 18
4 27
4 30
5 7
5 17
5 26
5 30
6 9
6 10
6 12
6 16
6 28
7 13
7 15
7 27
8 14
8 15
8 30
9 12
9 16
9 17
9 21
9 24
9 25
9 26
10 18
10 23
11 14
11 16
11 22
11 24
11 26
12 19
12 20
12 23
12 30
13 25
13 26
13 30
14 15
15 17
15 26
16 22
16 25
16 30
17 19
17 20
17 26
17 30
19 21
19 22
20 23
20 27
21 26
22 28
23 24
26 27
26 28
27 29
