29 3 8 8
9 9
8 8
2 8
6 1
3 3
10 6
9 3
5 5
8 9
2 8
5 6
3 5
1 9
6 4
10 9
8 8
1 8
3 7
5 2
10 8
3 1
9 9
6 6
10 2
9 9
8 6
6 9
3 2
6 6
259
1 3
1 5
1 6
1 7
1 8
1 9
1 10
1 11
1 13
1 14
1 18
1 19
1 21
1 23
1 24
1 25
1 26
1 27
1 29
2 3
2 4
2 7
2 8
2 9
2 10
2 11
2 13
2 14
2 15
2 16
2 17
2 18
2 19
2 22
2 23
2 24
2 26
3 4
3 7
3 11
3 12
3 14
3 16
3 17
3 18
3 20
3 22
3 23
3 26
3 27
3 29
4 5
4 6
4 7
4 8
4 9
4 10
4 11
4 12
4 15
4 16
4 18
4 20
4 21
4 22
4 23
4 25
4 26
4 27
4 28
5 6
5 13
5 14
5 16
5 17
5 18
5 19
5 20
5 21
5 22
5 24
5 28
5 29
6 7
6 8
6 11
6 13
6 15
6 17
6 18
6 19
6 20
6 23
6 27
6 28
6 29
7 9
7 10
7 11
7 14
7 15
7 16
7 17
7 18
7 19
7 20
7 21
7 22
7 23
7 25
7 27
7 29
8 9
8 10
8 11
8 12
8 13
8 14
8 16
8 18
8 19
8 21
8 22
8 26
8 27
8 28
8 29
9 10
9 11
9 12
9 14
9 15
9 16
9 19
9 20
9 21
9 22
9 23
9 24
9 26
9 27
10 11
10 12
10 13
10 14
10 18
10 19
10 20
10 22
10 23
10 24
10 25
10 27
10 28
11 12
11 13
11 14
11 17
11 18
11 19
11 20
11 21
11 22
11 23
11 24
11 26
11 27
11 29
12 13
12 16
12 18
12 21
12 22
12 23
12 25
12 26
12 27
12 29
13 14
13 15
13 17
13 21
13 22
13 23
13 25
13 28
13 29
14 15
14 17
14 18
14 21
14 25
14 27
14 28
14 29
15 18
15 19
15 20
15 21
15 22
15 23
15 24
15 28
16 17
16 19
16 20
16 21
16 23
16 24
16 25
16 26
16 29
17 18
17 19
17 22
17 23
17 24
17 25
17 26
17 27
17 28
17 29
18 19
18 21
18 22
18 23
18 26
18 28
19 22
19 24
19 25
19 26
19 28
19 29
20 23
20 24
20 25
21 22
21 23
21 26
21 28
21 29
22 23
22 25
22 26
22 27
22 28
22 29
23 24
23 25
23 27
23 28
23 29
24 28
25 26
25 27
25 28
26 27
28 29
