22 5 2 5
5 4
5 6
10 5
3 2
5 6
6 3
5 1
7 3
8 4
6 1
4 1
4 1
10 3
2 10
2 10
6 5
4 2
5 9
2 5
10 7
7 4
4 7
96
1 3
1 5
1 6
1 7
1 8
1 11
1 12
1 13
1 15
1 16
1 18
2 7
2 9
2 15
2 19
3 4
3 6
3 7
3 8
3 10
3 11
3 12
3 14
3 17
3 19
3 20
3 21
4 5
4 6
4 8
4 12
4 15
4 17
4 18
5 6
5 7
5 8
5 17
5 18
5 22
6 8
6 9
6 13
6 15
6 18
6 20
7 10
7 11
7 13
7 14
7 16
7 17
7 18
7 19
7 21
8 12
8 13
8 16
8 17
8 22
9 10
9 12
9 13
9 14
9 15
9 16
9 20
9 22
10 11
10 13
10 14
10 15
10 18
11 15
11 16
11 17
11 18
11 19
11 20
12 15
12 18
12 22
13 16
14 16
14 18
14 22
15 16
16 17
16 20
16 21
16 22
17 20
18 20
18 22
20 21
20 22
