23 7 9 4
8 1
2 4
8 7
1 4
1 3
9 4
3 5
9 2
6 4
2 4
6 3
7 10
2 7
7 4
9 10
2 6
5 5
3 3
1 1
7 4
5 10
8 10
7 9
131
1 4
1 5
1 7
1 9
1 10
1 11
1 12
1 15
1 19
1 20
1 21
1 22
1 23
2 3
2 7
2 10
2 12
2 14
2 15
2 16
2 21
2 22
3 4
3 9
3 14
3 15
3 16
3 18
3 20
3 22
3 23
4 5
4 6
4 8
4 11
4 12
4 14
4 18
4 19
4 21
4 23
5 6
5 10
5 13
5 14
5 17
5 18
5 19
5 21
5 22
5 23
6 8
6 9
6 11
6 12
6 15
6 16
6 18
6 19
6 20
7 8
7 11
7 13
7 14
7 15
7 16
7 19
7 20
7 21
7 22
7 23
8 13
8 14
8 16
8 17
8 18
8 21
8 23
9 11
9 12
9 14
9 15
9 16
9 19
9 22
10 12
10 13
10 15
10 18
10 20
10 21
10 23
11 15
11 16
11 17
11 18
11 20
11 21
11 22
11 23
12 13
12 15
12 18
12 19
12 22
13 16
13 19
13 21
14 15
14 17
14 18
14 19
14 21
14 22
14 23
15 17
15 18
15 22
15 23
16 17
16 20
16 22
16 23
17 19
17 23
18 19
18 20
18 23
19 23
20 21
22 23
