17 4 7 3
3 9
10 6
3 8
4 8
1 10
2 2
3 4
9 1
7 3
5 4
3 7
1 5
8 8
3 9
3 10
8 1
1 5
86
1 3
1 4
1 5
1 6
1 8
1 10
1 11
1 12
1 14
1 15
1 16
1 17
2 3
2 4
2 5
2 6
2 9
2 10
2 11
2 13
2 15
2 16
2 17
3 4
3 6
3 7
3 8
3 9
3 12
3 13
3 14
3 15
3 17
4 5
4 6
4 8
4 10
4 12
4 14
4 15
4 17
5 6
5 7
5 8
5 10
5 11
5 12
5 13
5 14
6 7
6 11
6 12
6 14
6 15
6 16
7 9
7 10
7 13
7 14
7 15
8 10
8 11
8 13
8 14
8 15
8 16
8 17
9 11
9 12
9 13
9 17
10 11
10 12
10 13
10 16
11 15
12 15
12 17
13 14
13 15
13 16
13 17
14 15
14 16
14 17
16 17
