25 6 10 6
4 1
10 2
6 8
8 8
10 1
9 2
8 2
1 4
2 4
3 10
9 4
10 2
6 8
8 6
1 1
10 9
8 4
4 3
5 7
8 6
5 6
6 1
1 1
5 9
1 7
187
1 2
1 3
1 4
1 7
1 8
1 11
1 12
1 13
1 16
1 18
1 19
1 21
1 22
1 23
1 24
2 3
2 4
2 5
2 8
2 11
2 12
2 14
2 16
2 19
2 20
2 22
2 23
2 24
3 4
3 5
3 6
3 7
3 8
3 9
3 11
3 13
3 14
3 15
3 19
3 21
3 22
3 23
3 24
3 25
4 5
4 6
4 7
4 11
4 12
4 13
4 15
4 17
4 18
4 19
4 21
4 23
4 25
5 6
5 7
5 11
5 14
5 15
5 21
5 22
5 24
5 25
6 7
6 8
6 11
6 12
6 13
6 14
6 15
6 16
6 17
6 18
6 19
6 22
6 25
7 9
7 10
7 11
7 12
7 13
7 17
7 18
7 20
7 21
7 22
8 9
8 10
8 11
8 13
8 16
8 19
8 20
8 25
9 12
9 13
9 14
9 18
9 19
9 20
9 21
9 23
10 11
10 12
10 13
10 14
10 15
10 16
10 17
10 18
10 20
11 12
11 13
11 15
11 16
11 17
11 18
11 20
11 21
11 22
11 23
11 24
11 25
12 13
12 14
12 16
12 17
12 18
12 19
12 20
12 23
12 24
12 25
13 19
13 20
13 21
13 22
13 23
13 24
13 25
14 16
14 17
14 19
14 20
14 21
14 22
14 23
14 25
15 17
15 19
15 20
15 22
15 23
15 24
15 25
16 17
16 18
16 19
16 20
16 25
17 18
17 19
17 20
17 22
17 23
17 24
18 19
18 20
18 21
19 20
19 21
19 23
19 24
20 22
20 23
20 24
21 23
21 24
21 25
22 23
22 25
23 24
23 25
24 25
