40 4 1 1
1 9
9 9
8 3
1 2
4 3
7 7
4 9
2 5
9 2
1 9
2 6
8 9
1 1
7 8
3 6
4 6
2 2
10 5
6 4
3 3
7 9
2 6
1 2
8 5
9 3
1 1
4 4
4 3
6 4
4 1
2 8
5 4
4 6
1 4
8 7
2 6
1 2
9 7
7 10
1 2
195
1 5
1 16
1 17
1 26
1 31
1 34
1 38
1 39
2 3
2 5
2 10
2 11
2 15
2 16
2 21
2 25
2 26
2 27
2 32
3 6
3 11
3 17
3 18
3 19
3 21
3 22
3 24
3 26
4 10
4 12
4 19
4 21
4 25
4 26
4 36
4 40
5 11
5 15
5 17
5 18
5 19
5 25
5 28
5 29
5 34
5 37
5 38
5 40
6 15
6 22
6 24
6 40
7 8
7 9
7 11
7 13
7 16
7 21
7 24
7 27
7 28
7 33
7 36
8 12
8 13
8 17
8 26
8 27
8 30
8 32
8 34
8 35
8 39
8 40
9 12
9 16
9 19
9 22
9 38
9 40
10 12
10 15
10 17
10 20
10 21
10 23
10 24
10 25
10 27
10 28
11 15
11 16
11 23
11 28
11 32
11 33
11 37
12 18
12 21
12 29
12 36
12 40
13 17
13 19
13 22
13 23
13 27
13 30
13 33
14 16
14 19
14 25
14 27
14 29
14 31
14 37
14 38
15 21
15 29
15 30
15 31
15 33
15 35
16 17
16 20
16 25
16 27
16 28
16 29
16 31
16 33
17 23
17 24
17 25
17 32
18 20
18 22
18 26
18 34
18 35
18 36
18 37
18 39
19 27
19 35
20 21
20 24
20 27
20 28
20 31
20 34
21 35
22 33
22 36
22 38
23 27
23 30
23 32
23 35
23 38
24 30
24 31
24 34
24 39
25 26
25 28
25 29
25 31
25 35
25 39
26 31
26 33
27 36
27 40
28 31
28 32
29 30
29 32
30 36
31 33
31 39
31 40
32 33
32 34
32 35
32 36
32 37
32 39
33 36
33 37
33 39
34 35
35 38
36 38
36 40
