40 4 3 2
4 4
3 7
1 5
2 10
9 1
6 9
2 3
7 9
3 4
5 1
4 1
1 10
9 7
8 6
6 1
10 6
6 5
6 7
6 8
3 7
9 2
5 1
4 4
4 7
8 1
1 1
1 3
6 10
8 9
1 7
4 4
4 1
4 4
7 3
5 4
1 9
1 2
1 3
9 9
7 1
120
1 17
1 19
1 24
1 32
2 6
2 18
2 21
2 25
2 28
2 32
2 34
2 35
2 37
2 38
2 40
3 7
3 37
3 38
3 40
4 5
4 25
4 26
4 27
4 34
4 37
4 38
5 7
5 10
5 19
5 21
6 10
6 13
6 21
6 22
6 23
6 38
6 39
6 40
7 10
7 13
7 17
7 24
7 28
8 9
8 10
8 15
8 19
8 31
9 15
9 22
9 30
9 31
9 37
10 11
10 17
10 21
10 27
10 28
10 30
11 13
11 14
11 29
11 34
11 35
11 37
12 18
12 19
12 36
13 26
13 30
13 37
14 16
15 31
15 36
16 23
16 40
17 30
17 35
17 40
18 29
18 31
18 34
18 37
19 21
19 29
19 30
19 36
20 25
20 28
20 30
20 39
21 38
22 27
22 33
22 38
22 39
23 35
23 36
24 25
24 27
24 33
24 40
25 26
25 36
25 38
27 35
27 37
29 31
29 32
30 32
30 33
30 34
30 36
30 37
33 38
34 36
34 39
35 39
36 40
37 38
