40 4 3 3
4 2
6 1
5 10
3 5
6 4
8 1
5 9
4 1
3 5
7 3
2 9
5 7
7 7
2 2
9 5
7 10
1 4
8 8
3 10
7 10
4 6
1 8
9 6
6 8
7 5
1 7
6 4
9 5
9 9
9 1
9 2
5 10
10 2
4 9
6 3
9 1
9 4
10 1
6 3
6 4
224
1 2
1 3
1 8
1 9
1 10
1 11
1 13
1 22
1 27
1 28
1 29
1 35
1 37
1 38
1 39
2 5
2 16
2 17
2 19
2 20
2 26
2 31
2 32
2 36
2 39
2 40
3 5
3 16
3 23
3 30
3 31
3 36
3 40
4 7
4 8
4 10
4 15
4 21
4 26
4 40
5 7
5 11
5 19
5 22
5 25
5 27
5 30
5 33
5 36
5 37
5 38
6 20
6 24
6 26
6 29
6 31
6 33
6 35
6 39
7 10
7 12
7 17
7 25
7 27
7 35
7 37
8 20
8 24
8 29
8 31
8 34
8 37
8 39
8 40
9 10
9 18
9 28
9 32
9 36
9 40
10 12
10 20
10 30
10 40
11 21
11 24
11 25
11 30
11 36
11 37
11 38
11 40
12 13
12 14
12 17
12 18
12 20
12 22
12 28
12 32
12 35
12 37
12 38
12 39
13 15
13 22
13 24
13 25
13 27
13 28
13 31
13 38
13 39
14 18
14 19
14 20
14 24
14 29
14 30
14 31
14 39
15 18
15 20
15 23
15 24
15 26
15 30
15 31
15 32
15 36
15 38
15 39
16 17
16 19
16 20
16 23
16 26
16 30
16 34
16 35
16 40
17 18
17 20
17 21
17 22
17 27
17 28
17 29
17 35
17 37
17 38
18 20
18 21
18 22
18 29
18 33
18 35
18 36
18 40
19 22
19 25
19 27
19 29
19 36
20 29
21 25
21 30
21 32
21 34
21 35
21 36
21 37
22 27
22 36
22 37
22 38
22 40
23 26
23 27
23 31
23 33
23 34
23 38
24 26
24 30
24 34
24 35
24 39
24 40
25 26
25 32
25 33
25 34
25 35
25 36
25 40
26 29
26 31
26 32
26 33
27 28
27 29
27 30
27 34
27 40
28 31
28 34
28 36
28 38
29 30
29 33
29 34
29 37
29 38
30 34
31 36
34 35
34 37
35 36
35 37
36 38
36 39
37 39
38 40
