40 4 2 4
5 4
10 9
4 1
3 5
7 4
8 2
8 2
9 8
1 1
7 5
3 8
7 10
10 9
4 9
10 3
9 1
1 2
9 1
2 5
1 1
1 1
10 8
5 7
9 7
2 4
1 1
9 8
4 3
1 10
4 5
10 10
1 6
8 3
1 2
1 1
8 2
1 1
2 5
4 3
9 6
500
1 2
1 3
1 4
1 6
1 7
1 8
1 11
1 12
1 13
1 14
1 15
1 20
1 21
1 22
1 24
1 25
1 27
1 28
1 29
1 30
1 32
1 36
1 37
1 38
1 39
1 40
2 3
2 4
2 5
2 6
2 7
2 8
2 9
2 10
2 11
2 12
2 13
2 15
2 17
2 18
2 19
2 22
2 25
2 26
2 27
2 28
2 31
2 33
2 35
2 36
2 38
2 39
2 40
3 4
3 7
3 9
3 10
3 16
3 18
3 20
3 22
3 24
3 25
3 27
3 29
3 30
3 31
3 32
3 33
3 34
3 35
3 39
3 40
4 5
4 6
4 7
4 9
4 10
4 12
4 16
4 17
4 18
4 19
4 21
4 22
4 23
4 24
4 25
4 26
4 27
4 28
4 30
4 33
4 34
4 38
4 39
5 6
5 7
5 9
5 10
5 14
5 15
5 16
5 19
5 20
5 21
5 24
5 26
5 28
5 29
5 30
5 31
5 32
5 33
5 35
5 37
5 39
5 40
6 7
6 14
6 16
6 18
6 19
6 20
6 21
6 22
6 23
6 24
6 25
6 26
6 29
6 31
6 32
6 33
6 34
6 35
6 36
6 37
6 38
6 39
6 40
7 9
7 11
7 12
7 14
7 15
7 16
7 17
7 18
7 20
7 21
7 22
7 24
7 25
7 26
7 27
7 30
7 32
7 33
7 34
7 35
7 37
7 39
7 40
8 9
8 11
8 12
8 14
8 17
8 20
8 22
8 23
8 24
8 28
8 29
8 30
8 31
8 35
8 36
8 38
8 40
9 11
9 12
9 14
9 15
9 18
9 19
9 20
9 21
9 22
9 23
9 25
9 26
9 27
9 29
9 31
9 33
9 34
9 35
9 38
9 39
9 40
10 12
10 13
10 14
10 15
10 16
10 18
10 19
10 20
10 21
10 23
10 24
10 26
10 27
10 28
10 30
10 32
10 33
10 34
10 38
11 12
11 13
11 15
11 16
11 18
11 21
11 22
11 23
11 24
11 29
11 30
11 34
11 36
11 38
11 39
12 16
12 19
12 20
12 21
12 23
12 24
12 25
12 26
12 27
12 28
12 30
12 31
12 32
12 34
12 36
12 37
12 38
12 39
13 14
13 16
13 18
13 19
13 21
13 22
13 23
13 24
13 25
13 26
13 27
13 28
13 30
13 32
13 33
13 34
13 37
13 38
13 39
14 15
14 16
14 17
14 18
14 21
14 23
14 25
14 26
14 29
14 30
14 31
14 32
14 37
14 38
14 39
15 16
15 17
15 18
15 19
15 20
15 21
15 22
15 24
15 27
15 28
15 29
15 30
15 31
15 36
15 37
15 38
15 39
15 40
16 17
16 20
16 21
16 22
16 26
16 27
16 28
16 29
16 30
16 31
16 32
16 33
16 34
16 37
16 38
16 39
16 40
17 19
17 20
17 22
17 23
17 25
17 26
17 28
17 29
17 30
17 32
17 33
17 34
17 35
17 36
17 37
17 38
17 39
18 19
18 20
18 21
18 22
18 23
18 24
18 25
18 27
18 29
18 33
18 34
18 35
18 40
19 20
19 21
19 22
19 23
19 25
19 26
19 27
19 28
19 29
19 30
19 31
19 32
19 33
19 34
19 35
19 37
19 38
19 40
20 21
20 23
20 26
20 27
20 30
20 31
20 32
20 34
20 38
20 39
20 40
21 24
21 26
21 27
21 29
21 30
21 31
21 32
21 33
21 34
21 35
21 38
21 39
21 40
22 23
22 26
22 27
22 30
22 33
22 35
22 36
22 37
22 39
22 40
23 24
23 26
23 27
23 29
23 31
23 34
23 35
23 36
23 37
23 39
23 40
24 25
24 26
24 27
24 28
24 29
24 31
24 33
24 36
24 37
24 39
24 40
25 26
25 28
25 29
25 32
25 33
25 35
25 37
25 39
25 40
26 27
26 29
26 30
26 32
26 34
26 36
26 37
26 38
26 39
26 40
27 28
27 29
27 31
27 37
28 29
28 32
28 33
28 35
28 37
28 38
28 40
29 30
29 31
29 33
29 34
29 35
29 36
29 40
30 31
30 32
30 33
30 35
30 36
30 37
30 40
31 32
31 33
31 35
31 36
31 37
31 38
31 39
31 40
32 34
32 36
32 40
33 34
33 35
33 37
33 38
34 35
34 37
34 38
34 39
35 36
35 38
35 40
36 39
36 40
37 38
37 39
37 40
38 40
39 40
