40 4 4 1
10 7
1 6
10 1
1 2
10 6
7 4
3 10
8 6
8 1
1 8
6 4
6 8
7 6
1 4
7 10
2 9
5 1
7 10
3 9
8 4
4 10
8 4
6 8
4 4
9 7
7 2
8 1
2 5
1 9
4 6
7 5
8 4
7 1
2 2
8 4
1 8
10 8
4 6
1 8
5 2
369
1 2
1 4
1 9
1 10
1 12
1 13
1 15
1 17
1 19
1 20
1 22
1 24
1 25
1 27
1 28
1 29
1 32
1 34
1 37
2 5
2 6
2 7
2 8
2 13
2 15
2 18
2 19
2 21
2 23
2 25
2 26
2 29
2 31
2 32
2 33
2 36
2 38
2 40
3 4
3 9
3 10
3 11
3 14
3 17
3 18
3 23
3 25
3 26
3 29
3 30
3 31
3 32
3 33
3 34
3 39
4 5
4 8
4 11
4 12
4 15
4 16
4 17
4 18
4 19
4 20
4 25
4 31
4 33
4 34
4 35
4 36
4 39
5 6
5 8
5 9
5 10
5 12
5 18
5 21
5 25
5 27
5 28
5 29
5 32
5 33
5 34
5 36
5 37
6 8
6 9
6 11
6 13
6 16
6 23
6 26
6 28
6 30
6 33
6 35
6 39
7 8
7 9
7 11
7 13
7 19
7 21
7 27
7 28
7 29
7 32
7 34
7 36
7 38
7 39
7 40
8 17
8 22
8 23
8 24
8 25
8 26
8 27
8 28
8 29
8 31
8 32
8 35
8 37
8 39
8 40
9 10
9 12
9 13
9 14
9 15
9 16
9 17
9 18
9 20
9 21
9 22
9 25
9 27
9 28
9 29
9 31
9 32
9 34
9 35
9 38
9 39
9 40
10 12
10 15
10 18
10 19
10 22
10 23
10 24
10 25
10 30
10 31
10 32
10 34
10 35
10 37
10 40
11 12
11 14
11 15
11 16
11 18
11 19
11 21
11 22
11 30
11 32
11 33
11 36
11 37
11 39
12 13
12 14
12 20
12 23
12 28
12 30
12 31
12 32
12 33
12 35
12 36
12 40
13 22
13 28
13 29
13 30
13 31
13 33
13 34
13 36
13 37
13 38
13 39
13 40
14 15
14 16
14 18
14 20
14 21
14 27
14 28
14 29
14 35
14 36
14 40
15 17
15 18
15 21
15 22
15 24
15 25
15 26
15 28
15 29
15 32
15 33
15 34
15 36
15 39
16 18
16 19
16 21
16 22
16 23
16 24
16 25
16 30
16 33
16 35
16 36
16 39
16 40
17 18
17 19
17 20
17 21
17 22
17 23
17 28
17 31
17 33
17 36
17 40
18 23
18 26
18 27
18 28
18 30
18 31
18 32
18 36
19 22
19 23
19 25
19 26
19 28
19 29
19 30
19 32
19 33
19 34
19 36
19 38
19 39
19 40
20 26
20 27
20 28
20 29
20 31
20 32
20 33
20 36
20 38
20 39
20 40
21 23
21 24
21 25
21 27
21 28
21 29
21 31
21 32
21 33
21 36
21 38
22 23
22 24
22 30
22 31
22 32
22 33
22 34
22 35
22 36
22 38
23 24
23 25
23 27
23 28
23 30
23 31
23 33
23 38
24 25
24 27
24 31
24 36
24 38
25 27
25 32
25 33
25 36
25 37
25 38
26 28
26 29
26 30
26 32
26 34
26 36
26 39
26 40
27 30
27 31
27 35
27 39
28 29
28 30
28 31
28 33
28 35
28 39
29 30
29 31
29 35
29 38
30 33
30 34
30 35
31 36
31 39
32 40
33 34
33 36
33 37
33 40
34 37
34 39
34 40
35 37
35 38
35 39
36 40
37 39
38 39
39 40
