50 5 2 4
2 7
9 7
8 9
8 4
7 6
7 1
8 10
1 9
3 2
6 6
2 6
10 9
5 10
9 5
6 1
2 4
7 9
8 3
9 9
6 1
4 6
2 3
10 3
5 1
8 9
2 8
5 8
3 9
8 9
1 4
4 2
1 6
3 7
9 2
6 6
10 9
5 6
7 1
7 2
7 7
10 7
5 4
10 7
7 9
10 4
7 9
9 5
2 2
2 8
3 10
500
1 12
1 13
1 16
1 18
1 23
1 27
1 29
1 31
1 34
1 36
1 38
1 39
1 41
1 44
1 45
1 46
1 49
2 6
2 8
2 9
2 10
2 12
2 14
2 15
2 16
2 17
2 19
2 22
2 24
2 28
2 32
2 34
2 36
2 37
2 42
2 43
2 46
2 50
3 7
3 9
3 10
3 11
3 14
3 18
3 19
3 20
3 21
3 22
3 26
3 27
3 31
3 33
3 34
3 35
3 38
3 40
3 42
3 44
3 46
3 48
4 5
4 9
4 11
4 12
4 13
4 14
4 18
4 21
4 22
4 24
4 30
4 32
4 35
4 36
4 38
4 43
4 48
5 10
5 14
5 20
5 21
5 22
5 24
5 26
5 27
5 29
5 32
5 34
5 35
5 36
5 38
5 41
5 46
5 49
6 7
6 9
6 12
6 15
6 16
6 18
6 19
6 20
6 24
6 25
6 26
6 31
6 32
6 34
6 39
6 41
6 45
6 46
6 49
7 8
7 9
7 12
7 16
7 18
7 23
7 25
7 28
7 29
7 32
7 33
7 35
7 42
7 45
7 46
7 50
8 9
8 10
8 11
8 14
8 15
8 16
8 21
8 22
8 23
8 24
8 28
8 31
8 35
8 37
8 38
8 40
8 48
8 50
9 11
9 13
9 15
9 16
9 23
9 25
9 26
9 28
9 33
9 38
9 39
9 40
9 43
9 45
9 49
10 16
10 18
10 21
10 22
10 24
10 25
10 27
10 32
10 35
10 37
10 39
10 40
10 41
10 42
10 50
11 12
11 13
11 17
11 18
11 28
11 30
11 37
11 38
11 40
11 41
11 43
11 44
11 45
11 46
11 47
12 14
12 15
12 16
12 17
12 18
12 20
12 21
12 23
12 25
12 26
12 30
12 31
12 32
12 33
12 39
12 40
12 47
12 48
12 49
12 50
13 16
13 22
13 26
13 27
13 30
13 31
13 32
13 33
13 34
13 35
13 38
13 41
13 42
13 45
13 47
13 50
14 16
14 19
14 22
14 23
14 30
14 34
14 35
14 36
14 39
14 42
14 44
14 47
15 17
15 21
15 23
15 24
15 29
15 30
15 31
15 37
15 41
15 42
15 43
15 44
15 47
15 50
16 17
16 18
16 21
16 22
16 28
16 30
16 33
16 34
16 40
16 41
16 45
16 47
16 49
17 19
17 20
17 21
17 23
17 26
17 27
17 30
17 31
17 32
17 33
17 35
17 36
17 38
17 39
17 42
17 45
17 48
17 50
18 23
18 25
18 26
18 27
18 32
18 36
18 37
18 38
18 42
18 43
18 45
18 46
18 48
19 22
19 26
19 28
19 31
19 35
19 37
19 38
19 46
19 50
20 26
20 28
20 30
20 33
20 39
20 40
20 43
20 46
20 49
21 25
21 27
21 28
21 32
21 35
21 36
21 38
21 40
21 43
21 45
21 47
21 48
21 49
22 23
22 27
22 28
22 34
22 37
22 39
22 40
22 41
22 46
23 25
23 27
23 35
23 41
23 44
23 45
23 48
24 26
24 27
24 28
24 30
24 34
24 36
24 38
24 40
24 41
24 43
24 47
24 49
24 50
25 29
25 31
25 32
25 33
25 34
25 36
25 37
25 38
25 39
25 45
25 46
25 47
26 28
26 29
26 32
26 35
26 38
26 41
26 42
26 44
26 45
26 47
26 48
26 49
27 30
27 32
27 35
27 39
27 40
27 47
27 49
28 29
28 32
28 34
28 37
28 39
28 41
28 42
28 43
28 48
28 49
28 50
29 36
29 38
29 43
29 45
29 48
30 31
30 32
30 36
30 38
30 39
30 42
30 43
30 47
30 50
31 34
31 43
31 44
31 45
31 46
31 47
31 48
32 33
32 34
32 37
32 40
32 44
32 45
32 48
32 49
33 34
33 39
33 43
33 44
33 45
33 46
33 48
33 49
34 35
34 36
34 37
34 38
34 39
34 42
34 45
34 48
34 49
35 36
35 37
35 40
35 41
35 42
35 44
35 45
35 47
36 39
36 40
36 42
36 45
36 47
36 48
36 50
37 38
37 40
37 41
37 42
37 43
37 44
37 45
37 50
38 43
38 46
39 41
39 42
39 43
39 44
39 45
39 46
39 49
40 43
40 47
40 50
41 43
41 44
41 45
42 44
42 45
42 49
43 46
43 47
43 48
43 50
44 46
44 47
45 46
45 47
45 49
47 48
47 49
48 49
48 50
