50 5 3 4
6 2
8 1
5 7
4 7
5 9
7 9
9 6
1 9
4 1
7 6
9 7
2 1
2 5
10 3
4 9
1 2
5 1
9 4
3 4
1 5
6 7
6 2
2 4
3 2
7 5
4 9
6 10
8 9
4 3
7 6
3 4
10 2
9 1
7 1
9 6
9 2
2 5
5 9
6 8
7 7
8 8
2 6
9 8
2 4
3 3
4 6
5 2
3 2
8 1
2 6
479
1 5
1 6
1 7
1 9
1 11
1 12
1 13
1 15
1 16
1 18
1 19
1 21
1 23
1 25
1 29
1 30
1 31
1 35
1 42
1 44
1 49
2 3
2 8
2 10
2 11
2 13
2 16
2 17
2 19
2 27
2 30
2 33
2 34
2 36
2 40
2 41
2 43
2 48
3 4
3 10
3 12
3 15
3 16
3 18
3 19
3 20
3 21
3 26
3 28
3 29
3 31
3 33
3 34
3 36
3 44
3 50
4 7
4 9
4 10
4 11
4 13
4 14
4 16
4 18
4 20
4 23
4 25
4 27
4 31
4 33
4 34
4 36
4 43
4 45
4 48
5 6
5 7
5 11
5 14
5 20
5 27
5 28
5 30
5 31
5 35
5 42
5 43
5 44
6 7
6 14
6 17
6 18
6 21
6 22
6 24
6 27
6 32
6 33
6 35
6 36
6 42
6 44
6 48
6 49
7 8
7 11
7 12
7 13
7 16
7 17
7 18
7 22
7 27
7 31
7 33
7 34
7 36
7 39
7 41
7 44
7 46
7 48
7 49
8 10
8 12
8 13
8 19
8 25
8 29
8 32
8 34
8 40
8 42
8 47
9 14
9 15
9 17
9 19
9 22
9 23
9 34
9 40
9 44
9 45
9 46
10 11
10 16
10 17
10 19
10 22
10 24
10 28
10 29
10 31
10 32
10 33
10 34
10 38
10 41
10 44
10 45
10 47
10 49
11 12
11 13
11 19
11 20
11 23
11 26
11 28
11 30
11 37
11 40
11 41
11 42
11 43
11 46
12 13
12 15
12 17
12 19
12 25
12 26
12 27
12 29
12 30
12 35
12 37
12 41
12 43
12 44
12 46
12 48
13 14
13 20
13 21
13 22
13 25
13 28
13 31
13 34
13 37
13 38
13 41
13 42
13 43
14 22
14 24
14 25
14 26
14 29
14 32
14 33
14 34
14 38
14 43
14 45
14 47
14 50
15 16
15 17
15 21
15 22
15 23
15 24
15 26
15 34
15 41
15 42
16 18
16 21
16 22
16 23
16 24
16 25
16 26
16 28
16 30
16 33
16 34
16 38
16 39
16 41
16 43
16 44
16 47
16 49
16 50
17 18
17 19
17 21
17 30
17 31
17 32
17 38
17 39
17 44
17 46
17 49
17 50
18 19
18 23
18 25
18 31
18 32
18 33
18 36
18 42
18 44
19 20
19 21
19 22
19 26
19 27
19 34
19 38
19 43
19 44
20 28
20 30
20 35
20 36
20 37
20 43
20 45
20 49
20 50
21 23
21 24
21 26
21 32
21 33
21 34
21 37
21 38
21 43
21 44
21 45
21 48
21 49
21 50
22 23
22 26
22 27
22 29
22 30
22 33
22 37
22 39
22 42
22 43
22 44
22 46
22 47
22 48
22 49
22 50
23 24
23 25
23 26
23 28
23 31
23 34
23 35
23 39
23 41
23 42
23 43
23 44
23 46
23 47
23 49
23 50
24 27
24 28
24 29
24 33
24 34
24 39
24 40
24 45
24 50
25 27
25 28
25 31
25 41
25 42
25 45
26 28
26 30
26 34
26 35
26 40
26 42
26 43
26 45
27 28
27 30
27 32
27 36
27 38
27 44
27 45
27 46
27 47
27 49
28 35
28 38
28 39
28 42
28 45
28 46
28 48
28 49
28 50
29 31
29 32
29 35
29 37
29 40
29 41
29 42
29 43
29 44
29 49
30 33
30 36
30 38
30 41
30 42
30 44
30 46
30 49
31 32
31 33
31 34
31 43
31 49
32 33
32 34
32 35
32 36
32 38
32 39
32 42
32 44
32 48
33 35
33 37
33 39
33 41
33 46
33 47
33 48
33 50
34 35
34 36
34 41
34 42
34 47
35 36
35 37
35 38
35 42
35 47
35 49
35 50
36 37
36 38
36 39
36 42
36 44
36 47
36 48
36 49
36 50
37 41
37 44
37 46
37 48
37 49
37 50
38 40
38 44
38 45
38 46
38 47
38 50
39 40
39 41
39 42
39 44
39 45
39 46
39 47
39 49
39 50
40 41
40 44
40 47
40 49
40 50
41 42
41 43
41 44
41 47
41 49
41 50
42 46
42 48
42 49
42 50
43 47
44 45
44 48
45 49
46 47
46 48
47 48
