50 5 3 2
10 5
1 4
3 5
8 7
3 6
8 6
3 1
8 7
1 6
1 8
5 7
9 6
1 1
7 4
4 4
10 2
2 5
8 5
5 9
7 9
9 3
4 9
9 5
7 4
1 8
4 1
7 8
2 3
7 2
1 1
5 6
5 9
10 6
4 2
8 5
3 4
8 3
7 6
3 2
2 2
6 5
1 8
6 3
5 3
9 10
10 4
1 10
9 8
8 4
1 3
141
1 4
1 10
1 16
1 32
1 34
1 47
2 4
2 14
2 15
2 21
2 25
3 29
3 48
4 5
4 13
4 17
4 36
4 41
5 13
5 35
5 37
5 39
5 43
6 14
6 17
6 19
6 28
6 38
6 46
6 49
7 20
8 14
8 17
8 25
8 29
8 31
8 50
9 11
9 16
9 38
10 14
10 19
10 39
10 48
10 50
11 18
11 22
11 24
11 41
11 47
12 15
12 18
12 21
12 46
12 50
13 23
13 32
13 41
13 46
14 18
14 23
14 34
14 36
15 17
15 22
15 28
15 35
16 17
16 28
16 33
17 23
17 45
18 33
18 40
18 43
19 22
19 32
20 23
20 29
20 30
20 43
20 44
20 49
21 49
23 25
23 33
23 37
23 41
23 49
24 30
24 31
24 35
24 39
24 47
25 31
25 34
25 43
25 46
26 31
26 37
26 46
26 50
27 46
28 29
28 33
28 38
29 31
29 33
29 47
29 49
30 45
31 34
31 38
31 43
31 48
31 50
32 37
32 38
32 39
32 40
32 43
32 44
32 47
33 38
33 48
35 42
35 46
36 42
37 47
37 49
38 42
39 41
39 42
39 46
40 46
40 48
40 50
42 50
45 46
45 50
49 50
