50 5 2 3
10 1
10 1
8 8
6 2
4 9
6 5
3 8
1 10
3 2
10 2
9 4
7 4
7 5
7 1
3 7
4 6
8 7
4 10
2 1
5 6
5 5
4 4
5 1
10 6
7 3
7 4
4 6
10 10
6 4
8 9
5 1
7 8
4 2
2 6
9 6
2 1
4 5
9 9
9 10
6 3
2 3
1 8
3 2
5 6
4 9
2 5
4 1
1 8
6 10
9 3
500
1 5
1 6
1 8
1 9
1 13
1 18
1 20
1 21
1 29
1 31
1 32
1 35
1 36
1 40
1 48
2 6
2 7
2 8
2 9
2 10
2 11
2 15
2 17
2 18
2 19
2 20
2 21
2 23
2 24
2 32
2 35
2 36
2 37
2 43
2 44
2 45
2 47
2 48
3 4
3 6
3 9
3 11
3 15
3 16
3 18
3 20
3 24
3 35
3 36
3 39
3 41
3 43
3 46
4 6
4 7
4 11
4 13
4 14
4 17
4 18
4 21
4 23
4 24
4 27
4 28
4 33
4 35
4 38
4 40
4 41
4 43
4 44
5 6
5 8
5 11
5 12
5 17
5 19
5 20
5 21
5 25
5 27
5 28
5 29
5 30
5 31
5 32
5 34
5 39
5 41
5 43
5 44
5 47
5 49
5 50
6 9
6 12
6 13
6 14
6 15
6 16
6 20
6 25
6 27
6 28
6 29
6 32
6 36
6 37
6 43
6 49
7 9
7 10
7 14
7 16
7 19
7 23
7 24
7 25
7 28
7 32
7 35
7 36
7 37
7 41
7 44
7 47
8 11
8 12
8 18
8 23
8 27
8 29
8 34
8 40
8 42
8 44
8 45
8 46
8 50
9 10
9 11
9 12
9 13
9 17
9 19
9 21
9 22
9 24
9 29
9 42
9 46
9 47
9 49
10 13
10 15
10 21
10 23
10 30
10 34
10 37
10 39
10 40
10 41
10 44
10 45
10 46
10 49
10 50
11 12
11 13
11 15
11 16
11 20
11 21
11 35
11 36
11 38
11 39
11 42
11 45
11 46
11 47
11 50
12 24
12 28
12 33
12 34
12 36
12 37
12 40
12 42
12 46
12 50
13 17
13 23
13 24
13 26
13 29
13 30
13 32
13 33
13 36
13 37
13 39
13 44
13 48
13 49
13 50
14 17
14 18
14 19
14 24
14 25
14 26
14 27
14 29
14 31
14 35
14 36
14 37
14 40
14 41
14 46
14 48
14 50
15 17
15 18
15 19
15 24
15 27
15 28
15 31
15 33
15 38
15 39
15 40
15 47
15 50
16 20
16 21
16 23
16 26
16 27
16 29
16 31
16 39
16 42
16 44
16 45
16 46
16 47
16 48
16 49
16 50
17 19
17 21
17 23
17 24
17 25
17 26
17 28
17 29
17 30
17 34
17 36
17 40
17 41
17 42
17 46
17 47
17 50
18 22
18 23
18 25
18 28
18 29
18 31
18 34
18 38
18 40
18 43
18 44
18 45
18 46
19 20
19 22
19 24
19 27
19 32
19 33
19 34
19 36
19 38
19 39
19 40
19 41
19 43
19 44
20 24
20 25
20 26
20 27
20 29
20 31
20 32
20 35
20 38
20 39
20 43
20 48
20 49
21 24
21 28
21 29
21 34
21 36
21 38
21 39
21 40
21 44
21 49
21 50
22 23
22 26
22 28
22 29
22 31
22 34
22 35
22 36
22 43
22 46
22 49
22 50
23 27
23 29
23 33
23 34
23 35
23 36
23 38
23 39
23 40
23 41
23 43
23 44
23 47
23 50
24 25
24 26
24 28
24 31
24 33
24 35
24 37
24 40
24 42
24 43
24 44
24 45
24 47
24 49
24 50
25 26
25 27
25 28
25 30
25 32
25 39
25 40
25 43
25 47
26 27
26 28
26 32
26 33
26 34
26 38
26 40
26 41
26 42
26 45
26 46
26 47
27 30
27 33
27 40
27 41
27 43
27 47
27 49
28 29
28 33
28 35
28 39
28 41
28 45
28 47
28 49
29 32
29 33
29 36
29 37
29 39
29 40
29 41
29 43
29 44
29 45
29 46
29 48
30 31
30 37
30 39
30 41
30 43
30 45
30 46
30 48
30 49
30 50
31 35
31 36
31 38
31 39
31 42
31 43
31 44
31 48
31 50
32 36
32 37
32 39
32 40
32 42
32 43
32 45
32 46
32 48
32 49
32 50
33 34
33 35
33 38
33 39
33 40
33 41
33 46
34 40
34 42
34 44
34 45
34 46
34 48
35 37
35 40
35 47
35 48
35 49
36 37
36 38
36 40
36 42
36 44
36 45
36 49
37 38
37 41
37 42
37 44
38 41
38 44
38 50
39 41
39 45
39 47
39 48
40 41
40 43
40 46
40 47
40 48
40 50
41 46
41 48
41 49
42 43
42 44
42 46
43 46
43 50
44 47
44 50
46 49
46 50
47 50
48 49
48 50
49 50
