50 5 2 4
5 10
2 2
4 5
6 9
8 7
7 4
10 5
6 7
2 3
4 10
9 1
1 5
7 4
1 4
10 4
9 5
7 1
8 1
10 4
4 7
7 9
9 10
3 8
5 1
10 8
5 2
5 4
3 3
2 6
10 8
3 8
3 5
5 10
1 8
6 8
6 2
1 7
10 5
3 3
1 2
7 4
5 6
7 10
7 2
1 3
4 7
4 5
8 7
3 4
5 2
500
1 2
1 3
1 4
1 5
1 6
1 7
1 8
1 9
1 11
1 13
1 14
1 16
1 17
1 19
1 22
1 23
1 25
1 26
1 28
1 30
1 32
1 33
1 34
1 35
1 41
1 43
1 44
1 47
1 49
2 3
2 5
2 6
2 7
2 10
2 11
2 13
2 17
2 19
2 20
2 23
2 24
2 26
2 27
2 31
2 32
2 36
2 39
2 41
2 46
2 50
3 5
3 8
3 9
3 14
3 23
3 24
3 28
3 31
3 33
3 38
3 40
3 41
3 42
3 45
3 46
3 50
4 9
4 12
4 16
4 18
4 19
4 20
4 22
4 26
4 28
4 32
4 33
4 42
4 45
4 48
4 50
5 12
5 14
5 16
5 18
5 21
5 24
5 25
5 26
5 29
5 31
5 33
5 34
5 36
5 39
5 43
5 44
5 48
5 49
6 13
6 16
6 17
6 19
6 21
6 22
6 25
6 26
6 31
6 32
6 33
6 35
6 38
6 39
6 40
6 41
6 44
6 46
6 50
7 8
7 9
7 10
7 12
7 16
7 17
7 20
7 22
7 24
7 25
7 30
7 32
7 37
7 41
7 43
7 44
7 48
7 50
8 9
8 10
8 11
8 14
8 16
8 17
8 18
8 21
8 24
8 27
8 29
8 33
8 35
8 36
8 37
8 42
8 43
8 44
8 46
8 47
8 48
9 12
9 14
9 15
9 16
9 17
9 20
9 22
9 23
9 27
9 29
9 34
9 41
9 43
9 44
9 48
9 49
9 50
10 16
10 19
10 20
10 22
10 24
10 25
10 27
10 28
10 29
10 31
10 33
10 34
10 35
10 36
11 13
11 16
11 17
11 24
11 25
11 26
11 29
11 31
11 32
11 36
11 37
11 39
11 44
11 47
11 48
11 49
11 50
12 15
12 17
12 18
12 19
12 20
12 25
12 26
12 27
12 28
12 29
12 31
12 34
12 40
12 41
12 45
12 46
12 49
13 14
13 19
13 20
13 21
13 23
13 25
13 31
13 32
13 33
13 34
13 36
13 38
13 43
13 46
13 47
13 50
14 15
14 17
14 19
14 21
14 22
14 23
14 24
14 26
14 32
14 33
14 35
14 36
14 40
14 43
14 45
14 46
14 47
14 48
15 17
15 18
15 19
15 21
15 22
15 28
15 34
15 37
15 38
15 41
15 43
15 48
15 49
16 18
16 19
16 20
16 23
16 24
16 25
16 28
16 30
16 31
16 36
16 37
16 39
16 41
16 43
17 18
17 23
17 24
17 25
17 28
17 30
17 31
17 32
17 33
17 37
17 38
17 40
17 46
17 49
18 21
18 22
18 25
18 26
18 28
18 34
18 37
18 40
18 44
18 46
18 48
18 49
19 23
19 24
19 30
19 33
19 36
19 46
19 48
20 21
20 22
20 24
20 26
20 29
20 30
20 32
20 33
20 36
20 37
20 39
20 40
20 44
20 46
20 48
21 23
21 24
21 25
21 26
21 29
21 36
21 38
21 42
21 43
21 44
21 45
21 47
21 49
22 23
22 27
22 30
22 32
22 34
22 35
22 36
22 38
22 41
22 42
22 44
22 47
23 30
23 32
23 34
23 36
23 37
23 40
23 41
23 43
23 47
23 48
23 49
24 28
24 31
24 40
24 43
24 45
24 46
24 47
24 50
25 29
25 33
25 38
25 39
25 40
25 42
25 44
25 49
25 50
26 29
26 32
26 34
26 37
26 44
26 48
26 49
27 28
27 31
27 32
27 34
27 39
27 42
27 43
27 45
27 47
27 48
27 49
28 29
28 30
28 37
28 39
28 40
28 41
28 46
28 47
28 49
29 32
29 38
29 39
29 40
29 42
29 45
29 47
29 48
29 49
29 50
30 37
30 39
30 44
30 45
31 35
31 41
31 46
31 47
31 48
32 33
32 34
32 35
32 36
32 37
32 38
32 40
32 41
32 44
32 48
32 50
33 37
33 40
33 42
33 46
34 36
34 37
34 39
34 40
34 41
34 46
34 47
34 48
34 49
35 38
35 39
35 42
35 46
35 50
36 38
36 45
36 48
37 38
37 41
37 42
37 44
37 46
37 48
37 49
38 40
38 41
38 42
38 46
38 48
38 50
39 44
39 45
39 50
40 42
40 46
40 47
41 44
41 46
42 46
42 49
42 50
43 44
43 47
43 49
43 50
44 46
44 47
44 48
45 46
45 47
45 48
45 49
46 50
47 48
48 50
