50 5 3 3
9 10
7 4
8 2
4 3
8 8
6 7
3 4
6 10
6 2
8 8
1 8
5 1
4 3
4 7
4 6
2 4
7 7
10 6
5 10
6 1
5 1
2 5
8 8
9 5
5 9
7 3
1 9
4 6
6 9
9 10
1 2
2 1
6 8
6 4
1 1
3 4
8 3
6 5
9 8
4 9
10 5
5 1
1 6
6 3
8 3
8 8
6 8
4 8
6 3
1 2
500
1 2
1 4
1 6
1 7
1 9
1 10
1 14
1 15
1 22
1 23
1 24
1 32
1 33
1 34
1 37
1 39
1 49
2 4
2 5
2 6
2 9
2 15
2 16
2 19
2 20
2 21
2 23
2 24
2 25
2 27
2 29
2 30
2 43
2 45
2 49
3 4
3 5
3 10
3 12
3 18
3 19
3 23
3 29
3 30
3 31
3 32
3 34
3 35
3 37
3 42
3 44
3 45
3 47
3 50
4 8
4 9
4 10
4 11
4 13
4 15
4 17
4 18
4 20
4 22
4 23
4 25
4 30
4 33
4 37
4 39
4 40
4 43
4 47
4 50
5 7
5 11
5 14
5 17
5 18
5 19
5 22
5 23
5 24
5 26
5 27
5 37
5 38
5 39
5 42
5 43
5 45
5 48
6 8
6 9
6 17
6 18
6 20
6 21
6 23
6 26
6 30
6 31
6 32
6 35
6 37
6 39
6 40
6 46
6 49
7 8
7 11
7 12
7 14
7 15
7 17
7 19
7 20
7 24
7 26
7 27
7 28
7 35
7 36
7 37
7 41
7 43
7 47
8 9
8 11
8 12
8 13
8 16
8 17
8 19
8 20
8 21
8 22
8 23
8 24
8 26
8 27
8 28
8 29
8 35
8 36
8 37
8 38
8 42
8 43
8 46
8 47
8 48
8 49
9 10
9 12
9 14
9 17
9 18
9 19
9 23
9 24
9 26
9 27
9 28
9 32
9 34
9 36
9 38
9 40
9 42
9 43
9 47
9 48
9 49
9 50
10 14
10 15
10 17
10 18
10 19
10 22
10 23
10 24
10 28
10 36
10 39
10 40
10 44
10 45
10 46
11 13
11 14
11 19
11 21
11 22
11 23
11 24
11 29
11 31
11 32
11 34
11 37
11 38
11 41
11 42
11 45
11 47
11 50
12 14
12 22
12 23
12 24
12 26
12 27
12 29
12 32
12 40
12 42
12 48
13 14
13 16
13 19
13 23
13 25
13 29
13 31
13 32
13 38
13 42
13 43
13 44
14 17
14 18
14 19
14 29
14 30
14 33
14 34
14 35
14 36
14 38
14 39
14 44
15 21
15 22
15 25
15 27
15 29
15 30
15 36
15 38
15 39
15 40
15 42
15 44
15 46
15 50
16 17
16 18
16 20
16 22
16 24
16 25
16 26
16 27
16 29
16 30
16 33
16 34
16 36
16 37
16 38
16 43
16 44
16 47
16 49
16 50
17 23
17 25
17 26
17 27
17 30
17 33
17 38
17 39
17 40
17 41
17 45
17 48
18 19
18 20
18 22
18 23
18 26
18 27
18 29
18 31
18 36
18 38
18 43
18 45
18 46
19 20
19 21
19 29
19 33
19 34
19 36
19 37
19 38
19 39
19 45
19 48
19 49
20 23
20 24
20 26
20 32
20 34
20 35
20 37
20 43
20 44
20 48
21 25
21 37
21 41
21 43
21 49
22 25
22 30
22 33
22 36
22 37
22 39
22 42
22 44
22 45
22 47
22 48
22 50
23 26
23 27
23 28
23 29
23 34
23 37
23 38
23 40
23 43
23 44
23 49
24 28
24 29
24 34
24 37
24 42
24 44
24 45
24 47
24 48
24 50
25 29
25 32
25 35
25 37
25 40
25 43
25 46
25 48
26 30
26 34
26 38
26 40
26 42
26 43
26 44
26 45
26 46
27 28
27 29
27 30
27 33
27 35
27 36
27 41
27 42
27 48
28 30
28 32
28 37
28 41
28 43
28 45
28 46
28 48
28 49
28 50
29 31
29 32
29 34
29 35
29 38
29 39
29 40
29 43
29 48
30 31
30 37
30 38
30 39
30 40
30 43
30 45
30 46
30 47
30 48
30 49
31 32
31 33
31 39
31 40
31 41
31 42
31 44
31 45
31 47
31 48
32 33
32 35
32 37
32 40
32 41
32 42
32 45
32 48
32 49
32 50
33 34
33 35
33 39
33 41
33 46
33 48
34 35
34 37
34 39
34 41
34 45
34 48
34 49
35 37
35 39
35 42
35 46
35 47
35 48
36 37
36 44
36 46
36 47
36 49
36 50
37 39
37 43
37 46
37 48
37 49
37 50
38 40
38 41
38 48
39 44
39 46
39 47
40 41
40 42
40 43
40 44
40 45
40 47
40 48
40 49
41 47
41 49
42 43
42 45
42 46
42 47
42 48
42 49
43 44
43 47
44 46
44 48
44 50
45 50
46 49
47 49
48 50
