50 5 3 4
8 10
8 5
5 3
9 5
8 1
5 8
5 3
4 6
1 6
8 5
9 9
8 9
2 4
1 2
7 2
6 8
8 4
8 2
5 3
9 8
8 8
5 5
4 10
5 5
5 2
6 5
7 8
10 9
6 9
4 1
2 3
10 8
7 1
7 7
9 7
5 6
6 4
3 7
1 2
8 8
9 4
8 9
2 8
9 2
3 5
1 5
10 9
1 5
1 7
2 10
483
1 5
1 6
1 7
1 9
1 14
1 21
1 25
1 26
1 28
1 30
1 32
1 33
1 34
1 35
1 36
1 38
1 39
1 43
1 48
1 49
2 4
2 6
2 8
2 9
2 11
2 14
2 18
2 22
2 32
2 33
2 38
2 40
2 41
2 43
2 44
2 46
2 47
3 5
3 7
3 8
3 11
3 21
3 26
3 32
3 33
3 38
3 41
3 42
3 43
3 44
3 47
4 7
4 15
4 16
4 18
4 19
4 23
4 24
4 26
4 27
4 30
4 36
4 38
4 39
4 40
4 44
4 48
5 6
5 7
5 9
5 12
5 13
5 15
5 17
5 19
5 24
5 25
5 26
5 30
5 32
5 33
5 34
5 35
5 45
5 48
6 8
6 11
6 12
6 15
6 17
6 18
6 19
6 21
6 22
6 33
6 35
6 37
6 39
6 42
6 44
6 45
7 13
7 15
7 18
7 21
7 22
7 23
7 27
7 28
7 29
7 32
7 34
7 37
7 38
7 40
7 41
7 46
7 47
7 49
7 50
8 9
8 16
8 18
8 19
8 23
8 29
8 34
8 35
8 37
8 38
8 41
8 44
8 48
9 10
9 11
9 13
9 15
9 17
9 19
9 21
9 26
9 27
9 28
9 30
9 31
9 33
9 34
9 36
9 37
9 38
9 40
9 42
9 43
9 44
9 45
9 48
10 15
10 16
10 19
10 21
10 25
10 30
10 31
10 32
10 36
10 40
10 43
10 44
10 46
11 15
11 16
11 18
11 21
11 24
11 25
11 27
11 28
11 29
11 30
11 31
11 34
11 39
11 42
11 46
11 47
11 49
12 13
12 15
12 16
12 17
12 18
12 19
12 22
12 23
12 24
12 31
12 33
12 37
12 38
12 40
12 44
12 46
12 47
12 49
13 14
13 15
13 16
13 17
13 18
13 19
13 21
13 23
13 26
13 27
13 38
13 47
13 50
14 18
14 20
14 22
14 29
14 31
14 33
14 34
14 35
14 37
14 39
14 44
14 45
14 46
14 49
14 50
15 17
15 20
15 24
15 27
15 29
15 30
15 31
15 33
15 34
15 35
15 36
15 37
15 38
15 44
16 19
16 20
16 23
16 24
16 25
16 27
16 30
16 33
16 34
16 39
16 40
17 18
17 21
17 23
17 24
17 25
17 26
17 27
17 29
17 30
17 33
17 34
17 36
17 37
17 38
17 39
17 40
17 41
17 43
17 44
17 45
18 21
18 22
18 25
18 27
18 31
18 32
18 34
18 38
18 40
18 41
18 44
18 45
18 50
19 22
19 23
19 24
19 27
19 28
19 30
19 31
19 32
19 37
19 38
19 39
19 46
19 48
19 49
19 50
20 22
20 23
20 25
20 26
20 28
20 30
20 33
20 41
20 42
20 43
20 46
20 47
20 48
20 49
21 23
21 24
21 25
21 26
21 32
21 34
21 42
21 44
21 45
21 46
21 49
22 25
22 30
22 33
22 34
22 35
22 36
22 37
22 38
22 40
22 43
22 46
23 24
23 30
23 34
23 36
23 39
23 41
23 50
24 26
24 28
24 29
24 33
24 44
24 48
25 26
25 27
25 29
25 31
25 34
25 36
25 39
25 40
25 43
25 44
25 46
25 49
26 31
26 32
26 33
26 34
26 35
26 36
26 39
26 42
26 43
26 45
26 48
27 29
27 33
27 38
27 39
27 42
27 43
27 45
28 36
28 40
28 45
28 46
28 47
28 50
29 31
29 32
29 34
29 35
29 36
29 38
29 42
29 43
29 46
29 48
29 50
30 34
30 36
30 39
30 40
30 42
30 46
30 48
30 49
30 50
31 34
31 36
31 40
31 42
31 43
32 33
32 36
32 37
32 39
32 41
32 44
32 45
32 46
32 47
32 48
32 49
32 50
33 35
33 36
33 42
33 44
33 46
33 47
34 36
34 37
34 41
34 45
34 46
34 48
34 49
34 50
35 36
35 39
35 40
35 42
36 40
36 41
36 50
37 38
37 39
37 40
37 46
37 47
37 49
37 50
38 39
39 44
39 45
39 47
39 48
40 48
40 49
41 44
41 46
41 47
41 48
41 49
42 47
42 49
43 44
43 45
43 46
43 48
44 49
45 46
45 47
46 48
46 49
47 48
47 49
47 50
48 49
49 50
